date,open,high,low,close,volume,sma,ema,rsi,wma,dema,tema,williams,adx,standarddeviation
2026-01-02 00:00:00,82.04,83.66,81.47,82.86,13095077,84.59507936507933,86.84755887157262,45.01827364476208,82.002,80.82029583707836,90.97472729775198,-68.55563234277818,17.976140900968776,4.055537541436397
2025-12-31 00:00:00,82,82.55,81.42,81.71,8428449,84.50742063492062,87.01031637653476,40.55406095139873,82.11166666666665,80.8055769986986,91.19462503009753,-76.5031098825156,17.944524981229698,4.330982884981189
2025-12-30 00:00:00,81.74,82.5,81.53,82.12,9500700,84.42575396825396,87.22665582047495,41.67426142178002,82.35876190476192,80.95714999313648,91.4531834414262,-73.6696613683483,17.737444384219543,4.363469347892795
2025-12-29 00:00:00,80.91,82.2,80.79,81.5,12072642,84.34416666666667,87.4350907519229,39.3207023910255,82.58800000000002,81.07737953853749,91.70412613210438,-77.95438838977195,17.53286295994454,4.359860204180861
2025-12-26 00:00:00,81.2,81.5,80.68,81.26,6741600,84.26563492063491,87.67733935404219,38.427632244516246,82.90504761904762,81.30524050759364,91.97833427735672,-79.61299239806495,17.27449461086985,4.348902045344317
2025-12-24 00:00:00,81.01,81.41,80.58,81.15,4310700,84.18869047619047,87.93927157257453,38.03952070487889,83.26590476190476,81.59964410953488,92.26479762097316,-80.56125941136204,16.900330287711533,4.273428249075908
2025-12-23 00:00:00,81.01,81.42,80.35,80.97,10445516,84.10765873015872,88.21638469798572,37.440336659759524,83.64933333333333,81.94961234381239,92.55982061044818,-81.79329226557155,16.49784927501563,4.1926476121897
2025-12-22 00:00:00,81.32,82.25,80.9,81.26,20570444,84.02527777777776,88.51215550198513,37.98994709535299,84.06285714285713,82.37054102843243,92.86566262167742,-79.80835044490074,16.07926902181189,4.097033805083866
2025-12-19 00:00:00,79.77,79.99,78.31,79.31,34353345,83.94579365079362,88.80816184900493,31.732754304531554,84.46119047619047,82.8048695680354,93.16834634252564,-93.65079365079364,15.688109676646068,4.00645588394531
2025-12-18 00:00:00,80.36,80.71,79.55,79.69,18681835,83.87325396825395,89.19584192447452,32.322945416756525,85.0645238095238,83.56278900713923,93.53532120153226,-94.45121951219514,14.961515167928003,3.787762532155361
2025-12-17 00:00:00,80.81,81.3,78.78,79.14,28007500,83.79611111111107,89.58383547241226,30.58788507748399,85.6785238095238,84.35621281801944,93.89760353600215,-97.8048780487805,14.297600388452642,3.617546267845097
2025-12-16 00:00:00,81.75,82.05,80.26,80.92,24465100,83.71988095238092,90.01011447128623,33.14126121016051,86.40071428571427,85.31651654094901,94.28311007901914,-95.57640750670244,13.607129017798268,3.377969952501057
2025-12-15 00:00:00,83.46,83.62,81.17,81.86,32070900,83.64246031746029,90.38113955174688,34.55578167170958,87.00666666666667,86.13894913496986,94.62202741457888,-95.07494646680944,12.997955855729849,3.296193069284625
2025-12-12 00:00:00,85.5,86.45,84.52,85.11,16211632,83.56039682539681,90.72894116610391,40.04278614219815,87.56957142857144,86.92425463593797,94.93871502042882,-73.6649597659108,12.432984055189864,3.177619352597161
2025-12-11 00:00:00,84.06,85.75,83.34,85.44,23346312,83.48043650793649,90.95828570349589,40.65139168915482,87.8547142857143,87.34925055494699,95.16305011949642,-71.78750897343866,12.117142357277768,3.2304696253021787
2025-12-10 00:00:00,88.64,88.75,82.72,84.16,51202039,83.4022619047619,91.18352185465899,37.214362057626964,88.14714285714287,87.77872032420721,95.38119023058086,-80.97631012203883,11.696803685478598,3.377825446940679
2025-12-09 00:00:00,91.81,92.01,88.91,89.07,17117532,83.33055555555555,91.47019621607365,46.88607656428597,88.60642857142857,88.43489816839543,95.64153328018352,-59.872611464968195,11.25965146680746,3.396428823043403
2025-12-08 00:00:00,90.77,92.78,90.77,92.57,12646900,83.2359523809524,91.56816340856643,56.62749257581908,88.6220476190476,88.4871304104778,95.75827445286129,-41.29511677282381,11.37724666781039,3.575127130606686
2025-12-05 00:00:00,90.72,92.75,90.46,91.32,11154600,83.15496031746031,91.52727211912017,53.417863171252776,88.30157142857144,88.06682917742104,95.77101694917708,-47.92993630573252,11.706504251574493,3.5502147822350123
2025-12-04 00:00:00,90.18,91,89.45,90.99,13145303,83.07539682539684,91.53573220561488,52.55720666737752,88.10395238095238,87.7803882717406,95.82087308620838,-49.68152866242041,12.04531791888282,3.5782153372875696
2025-12-03 00:00:00,89.85,91.38,88.95,90.68,21335800,83.00428571428571,91.55800698951752,51.780065100614316,87.94614285714285,87.51542838654933,95.88084377173277,-51.3269639065817,12.184301438087305,3.641137322321145
2025-12-02 00:00:00,86.03,88.44,85.63,87.57,18930400,82.92999999999999,91.59384400949781,43.0968583092027,87.83685714285713,87.27194662291674,95.95052036537768,-67.83439490445863,12.32884429805997,3.814647919533335
2025-12-01 00:00:00,86.99,87.61,85.48,86.57,17517249,82.86670634920635,91.75808254049772,39.863556919704116,88.08161904761904,87.43889815520855,96.11451041271084,-73.14225053078562,12.100186883006984,4.379402927340666
2025-11-28 00:00:00,86.51,87.62,86.24,87.54,9069400,82.80714285714285,91.96984101153845,42.01380730440975,88.46890476190475,87.76822613370034,96.31108121061183,-67.99363057324838,11.747815101986534,4.507537326523209
2025-11-26 00:00:00,84.11,86.36,83.65,85.66,20448733,82.7511111111111,92.15065084874409,35.7795016657188,88.80642857142857,88.00505286710798,96.48147390048992,-77.97239915074313,11.450407374183396,4.6207568644108505
2025-11-25 00:00:00,83.8,84.27,82.39,83.69,18482245,82.69496031746031,92.41557537318262,28.2762371922134,89.37109523809524,88.53277020282295,96.7110728965861,-88.42887473460725,10.96922731229584,4.551772072500994
2025-11-24 00:00:00,84.15,84.52,83.03,83.69,24883200,82.63920634920635,92.77172130678191,28.2762371922134,90.1792857142857,89.39384663422696,97.0037644700457,-88.42887473460725,10.167458338078317,4.241699423580129
2025-11-21 00:00:00,83.97,84,81.51,83.87,33783117,82.58329365079365,93.14240380909953,28.538931831074493,91.04809523809524,90.35065883879577,97.30139838182279,-87.47346072186836,9.384096392084102,3.8583479301379744
2025-11-20 00:00:00,90.2,90.54,82.94,83.36,41734033,82.52480158730157,93.52086927069543,26.74849445019079,91.94833333333334,91.38748867617444,97.59862103764675,-97.58759333716253,8.494152886887365,3.2722161832617354
2025-11-19 00:00:00,90.6,91.08,88.89,89.53,18256220,82.46912698412699,93.935598628683,37.22628240647343,92.95071428571426,92.60685076775137,97.91620192768609,-94.41535776614309,7.677630634565763,2.3476168767496963
2025-11-18 00:00:00,92.1,92.92,89.33,90.86,17439409,82.40452380952382,94.11541898087413,40.393386370289505,93.3782380952381,93.10518556791118,98.05311686102375,-86.11615245009074,7.368064188694214,2.164562080421811
2025-11-17 00:00:00,91.31,92.58,90.74,92.11,16922538,82.32746031746032,94.24829322499143,43.63306605343429,93.68942857142856,93.47417367811563,98.15163614103339,-76.79403541472509,7.092390048319879,2.0551152644073274
2025-11-14 00:00:00,90.06,92.62,89.62,91.62,12475614,82.2443253968254,94.33557049948088,41.93800580040451,93.88914285714289,93.71096425979698,98.21338421519029,-81.36067101584341,6.956585268695117,2.0056921498575004
2025-11-13 00:00:00,93.7,94.06,91.35,91.78,16367500,82.16396825396825,94.44641011170458,42.32391558215563,94.1387619047619,94.04151347734349,98.29007094232071,-83.4469328140214,6.815348297885366,1.9669389924448606
2025-11-12 00:00:00,94.11,95.18,92.76,93.57,16004628,82.08408730158732,94.55524317748844,46.79742474225568,94.37666666666668,94.38564159167498,98.36238768513283,-66.01752677702049,6.856555600920493,1.9268487226557263
2025-11-11 00:00:00,93.65,94.16,92.97,93.6,13276300,81.99865079365082,94.59545718473285,46.874529815902854,94.44861904761905,94.51958279441682,98.3810888957533,-66.82375117813388,7.061222041381421,1.920508982014925
2025-11-10 00:00:00,92.99,94.31,92.25,94.1,13310200,81.91742063492066,94.63608809023215,48.10106427364706,94.52080952380952,94.66398132551936,98.39815045774675,-64.17112299465244,7.148791146860521,1.9134434927637667
2025-11-07 00:00:00,91.61,93.17,90.3,91.99,16489915,81.83908730158733,94.65796923677223,42.17165603810742,94.54528571428571,94.75495761932135,98.39936036898744,-82.97682709447417,7.239863016558786,1.9135832879705033
2025-11-06 00:00:00,92,92.77,90.82,92.12,18316239,81.76829365079368,94.76686594031395,42.44911435507081,94.77742857142859,95.14683441821124,98.46308535240746,-81.81818181818176,7.196748366006252,1.849996959456961
2025-11-05 00:00:00,95.01,95.44,92.52,92.75,20150828,81.69341269841273,94.87490128481656,43.7442356310366,95.01566666666668,95.56168134575033,98.5230372149615,-76.20320855614972,7.205530374254632,1.8006284319647967
2025-11-04 00:00:00,91.97,95.03,90.08,94.67,48787312,81.6160317460318,94.96163194950294,47.87808420794207,95.225,95.9324556287254,98.56405340662862,-59.09090909090906,7.393925460161821,2.011371671273115
2025-11-03 00:00:00,97.66,100.35,96.78,99.72,28836500,81.52626984126988,94.97353529438061,62.24414517263492,95.26638095238097,96.07617056739858,98.54684770698532,-15.612648221343871,7.543534624918432,2.103319935245231
2025-10-31 00:00:00,97.46,98.45,96.15,96.5,15333424,81.44575396825402,94.77980204109002,54.087497208598116,94.82861904761904,95.53715198689362,98.37586805798706,-47.43083003952571,7.159558620172536,2.146206595367743
2025-10-30 00:00:00,95.41,97.62,94.56,96.49,13556603,81.3771428571429,94.70958987950186,54.058875966779105,94.698,95.38525488366791,98.29736422397625,-47.529644268774774,6.967494144611379,2.1495215165240844
2025-10-29 00:00:00,96.24,96.89,94.53,95.76,14532902,81.30253968253972,94.6369200786652,52.03190195355822,94.56890476190476,95.21836530491096,98.21641538772563,-54.74308300395254,6.862749449900002,2.153477362314264
2025-10-28 00:00:00,96.77,97.73,95.41,95.43,17138332,81.23055555555558,94.59108008187603,51.12674429340655,94.51338095238096,95.13440056483361,98.15467903579145,-58.003952569169925,6.83825136765734,2.1736952408283914
2025-10-27 00:00:00,94.91,96.66,94.53,96.42,11748300,81.16289682539687,94.55683845256483,53.963406763709315,94.50138095238096,95.08694786866988,98.10047929509396,-51.5263644773358,6.693197321450545,2.2573577474560826
2025-10-24 00:00:00,95.15,95.26,93.9,94.07,12014600,81.09706349206353,94.48079104246544,47.54891948175105,94.41009523809525,94.8978041915141,98.01416560883918,-73.2654949121185,6.662721631128216,2.4328014201738695
2025-10-23 00:00:00,92.5,95.7,92.4,94.61,17121601,81.04285714285717,94.49755802379056,49.00588136185261,94.56347619047618,95.01304998162973,97.99579241708503,-68.27012025901946,6.794478732508765,2.4940538787283644
2025-10-22 00:00:00,92.77,93.42,91.42,92.21,11351426,80.98670634920636,94.49296855537385,41.62385197489721,94.67966666666666,95.06577174664112,97.95958825627311,-90.4717853839039,6.931506117944537,2.514931410595525
2025-10-21 00:00:00,93.59,94.55,92.97,93.03,10503300,80.93492063492064,94.58615094538911,43.627560454068025,95.05095238095237,95.45488295851911,97.99383192897588,-82.886216466235,7.068239177655353,2.404625282658401
2025-10-20 00:00:00,93,94.5,92.85,93.7,11274925,80.88281746031748,94.64966731050701,45.281380269194656,95.36685714285714,95.7709784909575,98.00284921674928,-76.68825161887143,7.303048112643039,2.3226151209358807
2025-10-17 00:00:00,92,92.83,91.46,92.3,14282113,80.83599206349209,94.68842924154812,40.937178354642874,95.64604761904762,96.0267262825264,97.99064607680528,-89.6392229417207,7.55324389151465,2.3294339977771417
2025-10-16 00:00:00,94.44,95.46,91.18,92.52,17214833,80.79988095238096,94.7859161493664,41.41698170560119,96.08814285714288,96.50100300377208,98.01920008932841,-87.60407030527298,7.694619506475807,2.137333853191868
2025-10-15 00:00:00,95.86,96.99,93.79,94.52,14347100,80.7698015873016,94.87840252280992,45.96468696491853,96.51966666666667,96.99262716203845,98.04047972624075,-75.68389057750767,7.841650146035412,1.9570229942440625
2025-10-14 00:00:00,93.78,95.18,92.46,94.25,11178000,80.7373412698413,94.89303119721032,45.21053298979598,96.75323809523807,97.25726486411435,98.0006611072629,-78.41945288753803,8.009297969122636,2.084319733150361
2025-10-13 00:00:00,95,95.25,93.43,94.08,11031439,80.67253968253968,94.91927736852502,44.75978040795922,97.0295714285714,97.58388528294726,97.96694946459124,-74.55230914231853,8.258786001751416,1.9946209539659394
2025-10-10 00:00:00,96.3,96.45,93.33,93.4,17021108,80.60821428571427,94.95353358764848,43.018576017945406,97.34480952380952,97.96470178873399,97.93644767643457,-65.32319391634978,8.542669472618265,1.895829633696022
2025-10-09 00:00:00,99.97,100.17,95.83,96,13435700,80.53984126984126,95.01694312183821,48.439506233044796,97.73666666666666,98.4751724842228,97.92459191577727,-45.55133079847908,8.837908282319788,1.7015183660483937
2025-10-08 00:00:00,97.94,99.61,97.2,99.28,10071238,80.45488095238095,94.97681835130099,56.828271565632846,97.87461904761903,98.67572141219888,97.83285703521314,-20.608365019011373,8.834903211209577,1.7826504845313884
2025-10-07 00:00:00,100.13,100.69,97,97.8,12583609,80.35567460317458,94.80117828400715,53.45061512751059,97.67604761904761,98.43974594743813,97.63912816314082,-31.863117870722434,8.648484991941288,1.8628620453484996
2025-10-06 00:00:00,96.96,101.3,96.89,100.1,22760917,80.25702380952379,94.6787773976401,60.253263943723255,97.6072380952381,98.37823416928731,97.48487135756984,-14.3726235741445,8.454610043902267,1.894834755328283
2025-10-03 00:00:00,96.95,98.3,96.46,96.6,10556418,80.14896825396823,94.45750300570705,51.53795944265331,97.29204761904762,97.9879538417248,97.25691564345578,-40.98859315589357,8.252980097941686,1.8494579611334765
2025-10-02 00:00:00,97.08,97.21,94.76,96.61,16046400,80.06023809523808,94.37005414879714,51.567958548193666,97.28347619047621,98.03478950146976,97.12865684710759,-40.9125475285171,8.351971714722652,2.241046630483176
2025-10-01 00:00:00,97.48,99.09,96.57,96.61,16608500,79.97511904761903,94.27862778752356,51.56795854819367,97.25190476190477,98.08010449672425,96.9962776017309,-40.9125475285171,8.576164935352741,2.4483142670008675
2025-09-30 00:00:00,99.59,99.75,96.65,97.97,16793406,79.89234126984125,94.18346973803473,55.34572129741208,97.20285714285714,98.1248931916739,96.85999774263507,-30.570342205323183,8.58679495368417,2.551931621340979
2025-09-29 00:00:00,99.32,100.26,98.59,99.57,16320900,79.8078968253968,94.02891748244431,60.160334158551514,96.99971428571429,97.98128125716727,96.67873527867576,-18.40304182509508,8.587857781215604,2.6095154722668337
2025-09-26 00:00:00,97.8,98.53,97.03,98.45,10356143,79.71888888888886,93.80275084907468,57.77260555833753,96.61647619047619,97.59643441520589,96.44435156832496,-26.920152091254714,8.342156926384977,2.4991806657382734
2025-09-25 00:00:00,97.3,97.87,95.9,97.6,11255801,79.63551587301583,93.6130672102614,55.91042670877947,96.32804761904761,97.32054434054986,96.23779365226773,-33.38403041825097,8.261366671863156,2.411910601577098
2025-09-24 00:00:00,98.89,99.86,96.93,97.78,12523400,79.5446825396825,93.45033525965982,56.3994969423313,96.1097619047619,97.12790160677264,96.05148849879184,-32.01520912547526,8.246018609863974,2.359566909413674
2025-09-23 00:00:00,99.86,100.18,97.65,97.8,15101138,79.45007936507932,93.27361424985003,56.450443939665554,95.86838095238096,96.88518903413647,95.85479445401053,-31.863117870722434,8.101458887703377,2.3092801367525766
2025-09-22 00:00:00,99,101.99,98.5,99.39,29820118,79.36071428571424,93.08886381106839,60.483783222752784,95.61252380952381,96.60934178272163,95.6523320215363,-19.77186311787069,7.8603169351410695,2.233706057206274
2025-09-19 00:00:00,95,98.83,94.9,98.51,38735000,79.25797619047614,92.83167457886711,58.97745051372592,95.19285714285716,96.08048735259017,95.3966545052184,-10.957642725598506,7.501886620544269,2.0490614314851565
2025-09-18 00:00:00,93.93,95.05,93.21,94.7,23075215,79.15587301587298,92.59990619433107,51.552884113012624,94.83661904761905,95.61329227914584,95.16117097401624,-46.04051565377533,7.4353671294048365,1.8866464295145497
2025-09-17 00:00:00,96.07,97.24,92.12,92.95,44094000,79.06388888888885,92.51418807981396,47.50028359969156,94.83861904761905,95.61872909876938,95.03463902219305,-62.15469613259669,7.669162945097238,1.9002286704499531
2025-09-16 00:00:00,99.42,99.7,97.02,97.83,17257932,78.98265873015869,92.49639983817372,60.633673504192586,95.01857142857143,95.8619512952773,94.95714674925469,-17.219152854512014,7.912310593417336,1.8595549870869639
2025-09-15 00:00:00,95.8,98.86,95.52,98.85,18652432,78.86464285714281,92.27870187238487,64.07197882007998,94.71542857142857,95.45292480973983,94.72978176156325,-0.0998003992016479,7.64143588780061,1.7351285254989033
2025-09-12 00:00:00,94.49,96.27,93.71,95.89,13659231,78.7505952380952,92.01048562227813,57.5917953715254,94.28538095238095,94.85615173977494,94.46591154202187,-18.96551724137937,7.455361252225021,1.4964173047649516
2025-09-11 00:00:00,94.55,96.32,94,94.68,16190100,78.64384920634917,91.85213809665682,54.474964232801725,94.11585714285715,94.60149831861521,94.28481049383844,-25.444839857651218,7.579734207287985,1.5806486010495815
2025-09-10 00:00:00,95.51,96.1,93.71,94.21,15944200,78.54511904761901,91.73671516182647,53.23528453810611,94.04323809523811,94.483534072469,94.13538917978465,-29.62633451957304,7.667963007999281,1.7271562610256201
2025-09-09 00:00:00,94.5,95.48,92.77,95.45,11850204,78.44738095238091,91.63576476026837,57.040522596503145,94.00357142857143,94.41449985506544,93.99597798458163,-18.59430604982208,7.787117852921683,1.7896012824090173
2025-09-08 00:00:00,91.38,94.56,91.38,94.36,18906600,78.35134920634917,91.48008168925891,54.37875903133026,93.82261904761907,94.16360819948271,93.81522338813292,-26.237623762376284,7.987312109218331,1.8768351019735323
2025-09-05 00:00:00,92.53,92.53,88.84,90.99,20384532,78.26087301587297,91.3625340031062,44.50775025102664,93.72261904761903,94.03338071575745,93.66254802910483,-54.042904290429114,8.303829544585078,2.056236854061321
2025-09-04 00:00:00,93.11,93.13,90.93,91.98,15960139,78.18507936507933,91.37773947262075,47.29946664965,93.95157142857141,94.35095249373245,93.60726523825903,-45.87458745874587,8.366859689479712,1.993091568393183
2025-09-03 00:00:00,92.75,94.77,92.18,92.94,12052200,78.11027777777775,91.35315741027873,50.130804429109205,94.07309523809523,94.56130049451613,93.51987871323321,-37.95379537953801,8.695278923472227,2.173594718433038
2025-09-02 00:00:00,92.26,93.54,91.92,92.81,12883300,78.0281349206349,91.28838832498398,49.7525913480362,94.08628571428571,94.65697139436756,93.40064448225877,-39.026402640264045,8.880689600787223,2.3313757204706405
2025-08-29 00:00:00,96,96.15,91.61,93.75,19310000,77.94496031746029,91.22628172600373,52.422016339849364,94.09100000000001,94.77605801646001,93.28178566836552,-31.270627062706314,9.233233586385882,2.542474139494834
2025-08-28 00:00:00,96.03,96.11,94.08,95.96,12024311,77.86087301587301,91.12327281686103,59.37707056736634,93.97361904761904,94.7731305631485,93.13104961052137,-13.036303630363136,9.59987933140849,2.842074726322304
2025-08-27 00:00:00,96.5,96.95,95.33,95.33,11364308,77.76821428571427,90.92585538081454,57.89847916851693,93.60666666666667,94.4600915561509,92.90950518630505,-18.234323432343295,9.645999089007676,2.9073683977095164
2025-08-26 00:00:00,94.88,96.82,94.36,96.53,17163400,77.68476190476188,90.74609437594982,61.88229606892659,93.26309523809522,94.19641634574745,92.70136049199084,-8.333333333333371,9.50968843755712,2.963658001524468
2025-08-25 00:00:00,95.66,97.5,95.13,95.16,10938118,77.59261904761904,90.51001659537634,58.883082443979454,92.76038095238097,93.73499239499752,92.4517170170346,-19.63696369636971,9.382762473592054,2.9102547568898505
2025-08-22 00:00:00,94.46,97.54,94.29,96.79,15584900,77.50658730158729,90.32022135437128,64.48902767854972,92.36642857142857,93.40998836854011,92.23723522167532,-6.188118811881186,9.138518139542061,2.7703795317609474
2025-08-21 00:00:00,93.62,95,92.81,94.23,12864137,77.41341269841269,90.05614875659052,58.763618337157084,91.79104761904762,92.82210629612665,91.96817961569762,-21.198568872987405,8.884504032130069,2.4372736305142273
2025-08-20 00:00:00,94.83,94.96,91.44,93.73,15194800,77.33384920634919,89.88578748134931,57.52151315961589,91.44347619047618,92.52231664479032,91.76979258631317,-25.670840787119786,8.898165305325252,2.303643798420233
2025-08-19 00:00:00,94,96.6,93.85,95.32,21177300,77.24777777777774,89.728880847935,63.13723824690909,91.1254761904762,92.25683849792544,91.58139546182181,-11.449016100178909,8.916931565331812,2.1898422317600867
2025-08-18 00:00:00,92.22,94.4,91.89,93.98,16471300,77.15813492063491,89.50067190295276,60.08791896129687,90.6392380952381,91.74117636578647,91.34018067835764,-14.910536779324051,8.598991776788594,1.9098075164790829
2025-08-15 00:00:00,91.65,93.9,90.86,92.6,15841814,77.0706349206349,89.31784218470592,56.659460012443,90.26719047619048,91.35378514765489,91.133434356937,-37.12784588441338,8.51208618880839,1.7214042959165645
2025-08-14 00:00:00,90.35,92.32,90.11,91.4,14525102,76.98515873015872,89.18387655959188,53.42929371348075,90.017,91.1139538739152,90.96306502576432,-50.29093931837071,8.479807051123865,1.6270559302003125
2025-08-13 00:00:00,92.05,92.2,89.91,90.83,16867321,76.89730158730157,89.09342254161604,51.84633782919532,89.87680952380951,91.01248696599664,90.82438414058119,-56.01626016260164,8.634989899029451,1.5991735365494275
2025-08-12 00:00:00,91.19,92.56,91.14,91.73,12530490,76.8088492063492,89.02254182902894,54.56564488677102,89.7905238095238,90.97700581691967,90.69903866684488,-48.69918699186989,8.810936994413506,1.5970109580087428
2025-08-11 00:00:00,89.81,91.43,88.92,90.58,16668940,76.71869047619046,88.91203333225461,51.55055977888916,89.62080952380951,90.81162483293556,90.54297792620545,-58.0487804878049,8.831039185809248,1.627291000405275
2025-08-08 00:00:00,92.96,94.31,88.91,89.56,26212500,76.6193253968254,88.84395306010174,48.749441428823175,89.57638095238096,90.78563479138923,90.41739557264233,-66.34146341463413,8.983037917270405,1.8378473141150766
2025-08-07 00:00:00,90.72,92.74,89.16,92.67,28522247,76.52134920634921,88.8147266543916,58.29101087909547,89.65685714285713,90.89564790780825,90.31898872181867,-41.056910569105675,9.141116597990008,2.1608944907144356
2025-08-06 00:00:00,90.95,90.96,86.3,89.22,40169819,76.3856746031746,88.65736855865248,47.758259527134896,89.45890476190478,90.58604031357217,90.12378305617149,-69.10569105691059,9.488326965225951,2.4849894868992917
2025-08-05 00:00:00,89.37,90.96,89.05,89.39,25856000,76.2657142857143,88.63440401002605,48.31654090950442,89.62485714285714,90.71802954149709,90.02762205352896,-67.72357723577235,9.665849952072255,2.7879560165110218
2025-08-04 00:00:00,87.7,88.59,87.41,88.43,15138900,76.15313492063494,88.60356335737406,44.94160252073703,89.81314285714285,90.83827868521867,89.92335759345478,-75.52845528455279,9.914122763631157,3.0998920948962088
2025-08-01 00:00:00,86.51,87.06,85.42,86.91,15732500,76.05805555555557,88.61064757604238,39.09423560666322,90.13214285714285,91.10121128019554,89.84489727264699,-87.88617886178865,10.13925974365076,3.2278901390846637
2025-07-31 00:00:00,87.53,88.84,86.61,87.75,16922440,75.96353174603176,88.68006176281962,41.34763661808479,90.62790476190476,91.59861125481146,89.80964486749656,-87.76408450704226,10.154790878609937,3.0482773413848037
2025-07-30 00:00:00,87.24,87.81,86.48,87.64,16862800,75.86833333333337,88.7180234674245,40.9336420262656,91.06414285714284,92.02882163600846,89.74731204714364,-88.73239436619717,10.318200441731108,2.8797751214287564
2025-07-29 00:00:00,88.89,89.16,86.36,87.11,24966230,75.77611111111115,88.76202442527855,39.00751932649541,91.5322380952381,92.51523886524302,89.68599373340652,-69.57377049180327,10.339044980448865,2.67295248741911
2025-07-28 00:00:00,91.31,92.35,90.24,90.6,11606100,75.69130952380958,88.82945399365727,48.722395325872235,92.08028571428572,93.12097727408184,89.63837147762331,-46.688524590163965,10.360723300715332,2.365213468167304
2025-07-25 00:00:00,90.49,91.38,89.5,91.29,13864112,75.5942460317461,88.75718680972491,51.05683017663483,92.30038095238095,93.30317787074982,89.48351231418773,-41.72615184944837,10.663836873890615,2.3291026168891755
2025-07-24 00:00:00,91.05,93.61,90.87,90.87,23446209,75.49992063492068,88.6538066795096,49.6944944012755,92.4634761904762,93.40334679098162,89.30367967475217,-44.45165476963008,11.066816333681967,2.299380079499691
2025-07-23 00:00:00,92.7,92.7,89.87,89.94,18617929,75.4080952380953,88.5633498092855,46.640615179861115,92.66671428571428,93.5656879862002,89.13184296213949,-50.48669695003246,11.3364829143767,2.2979978241939234
2025-07-22 00:00:00,91.48,92.26,89.88,91.79,11561800,75.3182936507937,88.50716000558286,52.531189965051695,92.96666666666667,93.86664772063571,88.98354553398396,-38.48150551589873,11.741710586020275,2.212632990353349
2025-07-21 00:00:00,90.85,91.93,90.53,91.16,12150601,75.21698412698417,88.37316653642299,50.55655764407188,93.0592380952381,93.93670207724685,88.77544669127657,-42.56975989617134,12.198787248487948,2.790122936359617
2025-07-18 00:00:00,90.8,91.17,89.41,90.59,14223531,75.12753968253972,88.25941823178718,48.76601078167794,93.17666666666668,94.09343861517117,88.58112195462132,-46.26865671641789,12.610205910168105,3.399135331227636
2025-07-17 00:00:00,91.21,91.4,89.9,90.5,16903600,75.06289682539686,88.16429244532952,48.49252786756197,93.31433333333334,94.33720800694829,88.3990468838891,-46.85269305645685,13.090013118059643,3.9078875047779986
2025-07-16 00:00:00,92.65,92.75,89.81,90.75,17646529,74.99063492063495,88.06895744309807,49.169515557374176,93.43323809523811,94.61035135233473,88.21500219513533,-45.230369889682024,13.573656313745449,4.20927223519696
2025-07-15 00:00:00,95,95.16,91.85,92.21,18488400,74.91793650793653,87.95952713465309,53.19687339434249,93.50152380952383,94.86843619122538,88.0187031081276,-35.756002595717106,14.076645237258687,4.44811544364577
2025-07-14 00:00:00,95.19,95.48,93.56,93.89,14300220,74.84380952380954,87.78603844627159,58.29907604555572,93.39133333333334,94.94237886115286,87.77342712404834,-24.85399091499026,14.330384102807686,4.73572074767928
2025-07-11 00:00:00,96.13,96.84,95.27,95.39,12453518,74.74611111111113,87.5368971583643,63.33542205135368,93.08176190476192,94.78215221472685,87.47156370943821,-15.120051914341328,14.349533186569175,4.830063638297119
2025-07-10 00:00:00,96.07,97.45,95.12,96.4,15650890,74.65059523809524,87.21636234850162,66.95169229303889,92.58738095238094,94.38792342034598,87.11741299372349,-8.322824716267297,14.10639194352307,4.778188882829979
2025-07-09 00:00:00,97.5,97.72,96.1,96.64,14858918,74.55079365079365,86.84151999537923,67.80594659880879,91.94914285714286,93.80289896721708,86.72471214089202,-6.809583858764176,13.85352505075512,4.624218069036105
2025-07-08 00:00:00,96.89,97.6,95.11,97.48,20586820,74.44928571428572,86.44158203600695,70.73933768480575,91.24271428571429,93.1136479620735,86.31592024580928,-0.7623888182972706,13.438453646313,4.3680692244972485
2025-07-07 00:00:00,93.54,97.12,93.54,96.68,29817200,74.34539682539683,85.99103436400722,69.57533492986256,90.39971428571428,92.2269597245096,85.87264399862102,-2.8833551769331427,13.01808794454105,3.9967490226432787
2025-07-03 00:00:00,92.63,94.11,92.61,93.63,8112600,74.24218253968253,85.55475005233404,64.58830813607614,89.57571428571427,91.34908191809227,85.44365925301247,-5.990415335463261,12.625199993977,3.6270588635973358
2025-07-02 00:00:00,91.88,94.1,91.55,92.05,13604000,74.15277777777774,85.2251480136538,61.55718453035566,88.99371428571429,90.7919869125757,85.09711667590184,-18.610223642172517,12.513629075132545,3.517848632331982
2025-07-01 00:00:00,92.85,93.24,90.31,92.13,17124009,74.07591269841268,84.94658262645599,61.80591858669624,88.51685714285715,90.38683085080196,84.79037515467991,-17.971246006389784,12.398635822208501,3.516630631726909
2025-06-30 00:00:00,91.69,93.39,91.52,93.3,16155300,73.98944444444442,84.65338191733174,65.39437861567623,87.99195238095237,89.92074012694019,84.47420239401393,-8.62619808306708,12.367356719288184,3.3869798862703635
2025-06-27 00:00:00,92.1,92.51,89.97,91.53,24731200,73.90035714285712,84.30045873028406,62.32127682087273,87.31209523809522,89.23727265233981,84.11555984653043,-22.763578274760345,12.16916045429053,3.0549750817314383
2025-06-26 00:00:00,91.3,94.38,90.88,93.12,23657800,73.82039682539678,84.00537541315279,67.30701910569466,86.76638095238097,88.71974431262475,83.80225312540512,-10.063897763578206,12.0498867773514,2.8168084776924407
2025-06-25 00:00:00,91.57,92.89,90.6,90.9,17400840,73.73079365079363,83.63334991981208,63.523676133659016,86.04609523809523,87.9224271762197,83.43390597451594,-22.998296422487137,11.802341925362176,2.344956502794883
2025-06-24 00:00:00,87.99,92.48,87.91,91.65,38925100,73.64869047619047,83.33675195735543,65.91666126413544,85.52819047619047,87.34227084234321,83.12430247354683,-16.609880749574017,11.68903765614762,2.157574100697356
2025-06-23 00:00:00,83.03,85.25,82.47,85.24,18407500,73.56396825396826,82.99743571071687,51.38158779593202,84.92028571428573,86.59280672792622,82.78509549745127,-71.20954003407157,11.611489746676673,1.7217087442421848
2025-06-20 00:00:00,84.47,85.37,83.62,83.78,27472100,73.50480158730157,82.90590247441959,46.56168842529034,84.936,86.64459478872715,82.63158538077184,-83.64565587734239,11.757006796861075,1.8217203407768165
2025-06-18 00:00:00,85.17,86.48,82.31,83.44,25976728,73.45206349206349,82.8702250243959,45.39099593135432,85.11404761904762,86.89847106372689,82.51827654996882,-86.54173764906304,12.054744900238227,1.913077298490576
2025-06-17 00:00:00,84.57,85.48,84.24,84.76,13677826,73.39896825396825,82.84696890294268,49.283236331286076,85.36461904761906,87.22063660001685,82.4122138717654,-75.29812606473588,12.364392527750464,2.2743876098853515
2025-06-16 00:00:00,84.85,86.02,84.71,85.12,12254200,73.34380952380953,82.76888600102197,50.37721276360684,85.52614285714286,87.38872046918993,82.26349571349455,-72.23168654173759,12.77977971857326,2.641901587871887
2025-06-13 00:00:00,84.81,85.57,83.38,83.93,18003031,73.29630952380951,82.67292216432898,46.74896821893466,85.68514285714285,87.51862976336184,82.10021189750236,-82.36797274275972,13.147978518829692,2.8638705889058604
2025-06-12 00:00:00,86.11,86.79,84.87,85.62,18776100,73.23940476190477,82.62161286491383,51.737540076014305,85.98714285714287,87.81980492703099,81.96880869633789,-59.1988130563798,13.587256618419325,2.8746998104149935
2025-06-11 00:00:00,87.59,87.6,85.94,86.58,15364234,73.17186507936508,82.49922971654296,54.823353354714115,86.15099999999998,87.91234965066703,81.78309914567086,-52.07715133531158,13.844741763769708,2.940126655435102
2025-06-10 00:00:00,88.29,88.38,85.6,86.39,24494800,73.10333333333332,82.33266766415696,54.322671038874354,86.24790476190475,87.87478256483058,81.56400598729533,-53.48664688427299,13.963116602013173,3.0835659146514125
2025-06-09 00:00:00,86.32,87.86,86.2,87.12,22780800,73.03392857142858,82.16706226269397,56.55899394796717,86.37104761904763,87.85190373040952,81.34553951654334,-48.071216617210645,14.08622643378638,3.0725870207367603
2025-06-06 00:00:00,85.4,86.69,85.03,85.6,28172700,72.94940476190477,81.96490153872229,52.80225807009223,86.40414285714286,87.71811755347696,81.0999838813579,-59.34718100890212,14.132624620385966,3.2505089986031415
2025-06-05 00:00:00,83.4,85.75,83.08,84.67,33343311,72.86587301587304,81.81653017295585,50.36351242336686,86.56628571428573,87.7720521714959,80.89464402670248,-54.78527607361959,14.305372740775539,3.420432538437207
2025-06-04 00:00:00,83.19,84.71,82.99,83.45,20080520,72.78301587301588,81.70006201674995,47.029464418172765,86.81214285714286,87.9516276283689,80.71255149648928,-62.26993865030671,14.587470937284658,3.4665967100313235
2025-06-03 00:00:00,83.58,83.79,81.86,82.53,25668400,72.70805555555559,81.6286359766173,44.41506952302798,87.1855238095238,88.30949386325769,80.56292677703092,-66.84782608695653,14.996417753101865,3.3736619199321085
2025-06-02 00:00:00,84.48,84.76,82.64,83.64,17047042,72.63500000000003,81.59184560831596,47.0147591826816,87.66033333333334,88.82220667690228,80.43738522913391,-60.14492753623188,15.525841631967868,3.221385532655164
2025-05-30 00:00:00,84.53,84.65,82.54,84.16,29050900,72.560753968254,81.50824746987988,48.24310918663746,88.0324761904762,89.22504637631353,80.27521072833923,-47.82168186423505,15.984077508784328,3.185710085679486
2025-05-29 00:00:00,87.58,87.87,82.96,84.3,38152040,72.47884920634924,81.40001267273212,48.560291681646504,88.33952380952381,89.58707820226947,80.09346010842613,-45.65537555228278,16.472486440717827,3.4299233227581047
2025-05-28 00:00:00,89.29,89.88,88.12,88.26,13810322,72.39932539682542,81.2816458430477,58.69630439533244,88.61757142857142,89.95564451848179,79.90320388426679,-26.215022091310708,16.932855464130963,3.645977886658118
2025-05-27 00:00:00,89.17,89.72,87.89,89,17446940,72.30146825396827,80.99681506113127,60.90212482872212,88.47638095238095,89.80369404500516,79.58910328016196,-20.600089565606783,16.754147779061448,4.010644430761719
2025-05-23 00:00:00,87.21,88.49,86.7,87.75,17929700,72.20813492063493,80.67015445138153,58.4531093263115,88.21390476190476,89.52065102337485,79.24576307321085,-26.197939991043416,16.583040079938847,4.372834778493237
2025-05-22 00:00:00,88.45,89.26,87.88,88,16496000,72.11376984126987,80.38118116368283,59.14108483407649,88.02285714285713,89.36715881424261,78.932612600295,-25.078369905956087,16.518550589727393,4.729237147786098
2025-05-21 00:00:00,90.64,91.04,88,88.67,25035133,72.02111111111114,80.07020896628212,60.92557901282746,87.76085714285715,89.14959086152794,78.60505168206075,-22.077922077922047,16.28945797358966,4.978726644434297
2025-05-20 00:00:00,93.35,93.6,90.61,91.87,20851300,71.92984126984132,79.71919708735486,70.33812543365488,87.36395238095238,88.80309720397152,78.25014453039907,-7.747424988804254,16.03476036290689,5.501649638971933
2025-05-19 00:00:00,90.88,92.55,90.56,92.46,19252125,71.82738095238098,79.22324594806321,72.24911062284178,86.5792857142857,87.96515095697082,77.79107830750839,-1.8667798048367066,15.398779706388707,5.644229708295013
2025-05-16 00:00:00,90.55,92.9,89.71,91.79,21909600,71.72484126984129,78.68297027247395,71.43063601377413,85.64538095238095,86.94483354056706,77.30447300615981,-4.519543973941365,14.819420201030574,5.722020097832583
2025-05-15 00:00:00,89.66,91.11,89.24,90.16,20481634,71.61980158730161,78.14798946726881,69.39123701495654,84.6964761904762,85.89757507287825,76.8277923167432,-7.384276267450423,14.216886315458115,5.534600505004856
2025-05-14 00:00:00,90.58,91.65,89.68,90.41,30640123,71.52400793650796,77.65770332307571,70.10394530481955,83.82138095238095,84.95373953454241,76.39020973348494,-6.138821067317771,13.730133869561273,5.501908100831929
2025-05-13 00:00:00,87.41,92.17,86.93,91.72,36770807,71.43107142857144,77.13720141789513,73.79169352339173,82.84442857142858,83.8655101522845,75.93585648979553,-1.4267596702599963,13.163606271231261,5.249887236884238
2025-05-12 00:00:00,84.62,88.31,82.22,88.1,39104621,71.33666666666669,76.54198514923779,69.70205888292693,81.65404761904762,82.47244180869471,75.43246195751632,-0.7586705202312426,12.574417568968048,4.742379044319423
2025-05-09 00:00:00,82.85,84.12,82.32,82.81,19105415,71.25055555555556,76.07022944104341,61.56339790418883,80.73309523809526,81.42389431116251,75.0277111277004,-14.494988434849624,12.270614455830836,4.509048680154165
2025-05-08 00:00:00,83.87,84,82,82.3,24293149,71.2014285714286,75.79513676516763,60.61631943883051,80.25942857142857,80.98714077683067,74.77396951578156,-16.46106399383191,12.356607072406621,4.671730166651325
2025-05-07 00:00:00,83.13,85.17,80.12,83.65,49263147,71.15861111111113,75.52963214333772,64.5242117809633,79.78852380952381,80.56708285816215,74.53017635986922,-11.256746337702346,12.458544919737445,4.682631178087808
2025-05-06 00:00:00,83.5,86.53,83.1,85.83,30378900,71.1013888888889,75.1981885573515,71.4292688877628,79.10057142857143,79.90912329660081,74.24046565910422,-2.8527370855820937,12.5645602809615,5.160390755553306
2025-05-05 00:00:00,83.05,86.57,82.97,85.43,25339028,71.03289682539683,74.76423706989647,70.89865770044105,78.10885714285715,78.87438413863785,73.87890315463781,-4.394757131842663,12.293580433085705,5.196795262467054
2025-05-02 00:00:00,82.09,84.92,81.8,84.28,22401820,70.96289682539683,74.32889980744326,69.380538906146,77.05614285714286,77.78025587780911,73.52185052543545,-2.63482914779745,12.011761391294879,5.171053350140569
2025-05-01 00:00:00,81,81.92,80.67,80.89,18698500,70.89142857142856,73.92273245264502,64.27992744514596,76.0442380952381,76.72501416298434,73.19203340040025,-4.83795209018319,11.86869401728654,4.7264918279840495
2025-04-30 00:00:00,77.77,81.22,77.3,81.01,17762848,70.83789682539683,73.63835418540604,64.63382816284752,75.32476190476191,76.02272243337843,72.95755863182941,-1.0199125789217767,12.018666803318194,4.433518326340831
2025-04-29 00:00:00,78.33,79.73,78.03,79.42,12172235,70.7904365079365,73.33747068276956,62.06409702941416,74.55566666666667,75.22682083779605,72.71453349203176,-5.672690763052188,12.249077498085011,4.0689500795659805
2025-04-28 00:00:00,78.11,78.78,77.04,78.33,13324224,70.75031746031746,73.08920418002546,60.22433445946771,73.9067619047619,74.56417075847877,72.51435756909802,-11.144578313253009,12.650867363853292,3.787606467150461
2025-04-25 00:00:00,78.57,80.55,77.47,77.75,20047800,70.71472222222224,72.87529414655711,59.247819233325195,73.33509523809524,73.98040927303545,72.34283108399177,-14.056224899598382,13.138535392085846,3.5540439994462636
2025-04-24 00:00:00,74.16,78.38,73.86,78.1,22188511,70.68714285714289,72.6763265607023,60.07424770827944,72.80490476190475,73.41404015935748,72.18516451052291,-1.5774647887324016,13.634681300614954,3.385387865518513
2025-04-23 00:00:00,76.93,77.58,73.23,73.74,22750200,70.65095238095239,72.4549521346085,52.39287960638946,72.22271428571428,72.73920439374281,72.01360585398544,-22.654867256637193,13.964059701721567,3.141861072676512
2025-04-22 00:00:00,73.85,75.56,73.35,74.44,16599300,70.63293650793652,72.40250120132721,53.93999694944038,72.06466666666665,72.5949547048835,71.9698946532312,-18.525073746312692,14.212175668266655,3.219503804936407
2025-04-21 00:00:00,74.44,75.44,71.27,72.92,20634635,70.62047619047621,72.31933798505484,51.02394218909708,71.84980952380953,72.33901680974279,71.90404759429734,-27.49262536873155,14.22231498404697,3.325229916862893
2025-04-17 00:00:00,73.98,75.91,73.76,75.24,21893400,70.61658730158732,72.2948211681183,56.05355543714513,71.79361904761905,72.26620779134896,71.88255554652949,-13.8053097345133,14.217835733697628,3.417172808038833
2025-04-16 00:00:00,73.58,74.8,72.05,73.06,15990828,70.61218253968256,72.17460978722517,51.91807205441752,71.51223809523809,71.86611944670939,71.79053380366577,-26.66666666666665,14.454376465349364,3.384627712171607
2025-04-15 00:00:00,73.1,74.72,73.1,74.02,13790200,70.61353174603177,72.13847141119355,53.99581935692832,71.43828571428571,71.72568023507391,71.76224272797799,-21.002949852507395,14.5656036286397,3.3841812525336175
2025-04-14 00:00:00,73.52,73.65,72.23,73.1,12483200,70.61853174603176,72.06167432593614,52.29698145244524,71.26114285714286,71.43913469010123,71.70429436726485,-26.430678466076724,14.784165243546344,3.3635635864362676
2025-04-11 00:00:00,70.46,72.4,69.33,72.28,16274600,70.63075396825397,72.01929368617843,50.79307004341043,71.16985714285714,71.2508745147396,71.67277613499502,-31.268436578171084,14.883287005560218,3.3593574906520454
2025-04-10 00:00:00,71.75,72.87,68.34,70.94,22373900,70.63896825396826,72.0086526121449,48.320784867821125,71.15319047619047,71.15765034520159,71.66520633094817,-39.17404129793511,14.833101176178376,3.3616194014195013
2025-04-09 00:00:00,65,73.4,64.95,72.68,30148812,70.65563492063491,72.05227108611,51.43684922834835,71.25733333333334,71.24129002616847,71.697745065559,-28.908554572271346,14.780907913621261,3.4006194656268147
2025-04-08 00:00:00,69.31,70.07,63.5,65.07,24045232,70.66496031746031,72.02664949778796,34.205850963000756,71.18871428571428,71.09543101701807,71.6783329469381,-73.80530973451333,14.726626920561861,3.4018487253256877
2025-04-07 00:00:00,62.52,67.59,60.63,65.64,32841703,70.71293650793652,72.3105943752487,35.071339768746554,71.87142857142857,71.98595154988176,71.88783130107356,-70.71887784921098,14.261797894945376,3.034338931299534
2025-04-04 00:00:00,66.69,67.56,63.94,64.62,34938700,70.7497619047619,72.58286353342211,32.22168357920623,72.53519047619048,72.8920233999204,72.08420766823603,-95.0724637681159,13.438856139087083,2.6317873679307753
2025-04-03 00:00:00,71.72,72.44,69.77,69.85,23290800,70.79813492063492,72.90787837152098,40.733557918547135,73.35157142857142,74.03357744782463,72.3151220577417,-94.15274463007167,12.828925644946858,2.0162727990031506
2025-04-02 00:00:00,72,75.41,72,74.5,14806900,70.82642857142856,73.03268973362388,52.095205402846915,73.69419047619047,74.5718641663082,72.39281135884514,-38.663484486873465,12.737078188639156,1.8968180592771666
2025-04-01 00:00:00,72.6,73.07,70.83,72.99,16889200,70.83396825396825,72.97279951866976,47.69612233117721,73.60338095238095,74.52311990923026,72.33166557029445,-56.682577565632485,12.896879677965652,1.9981323154385944
2025-03-31 00:00:00,71.4,73.3,70.5,72.86,16033100,70.84984126984126,72.9720974582073,47.30931136578405,73.66719047619048,74.67558636501052,72.31461536888371,-63.235294117647044,12.705917769563117,2.027552712015152
2025-03-28 00:00:00,74.5,74.92,72.38,72.75,11277900,70.87067460317459,72.97667286466474,47.00135134856753,73.75090476190476,74.85972182106852,72.30094105484285,-73.39089481946624,12.50731738482448,2.0256231140071437
2025-03-27 00:00:00,73.9,75.62,73.53,74.86,11866807,70.89115079365078,72.9859248183245,52.46292855439918,73.86061904761905,75.07579231570284,72.29010650398905,-56.82888540031396,12.514677130288836,2.0701560327666124
2025-03-26 00:00:00,75.55,75.64,73.22,74.18,11845809,70.90920634920634,72.90943195376632,50.75034120055636,73.76628571428573,75.02059680569188,72.21523292144336,-62.16640502354781,12.661638571081381,2.059938045184854
2025-03-25 00:00:00,76.6,76.71,75.05,75.61,16065900,70.93321428571427,72.85757203351189,54.590791432539454,73.74476190476192,75.05055486473671,72.15915229018984,-50.941915227629494,12.814478469505627,2.1051090233049683
2025-03-24 00:00:00,76.97,77.58,75.44,76.51,18126303,70.95162698412697,72.74522803487972,57.116763562501625,73.58390476190476,74.88340560823627,72.0586271655814,-43.8775510204081,13.19975566214517,2.083957533156566
2025-03-21 00:00:00,73.72,76,72.77,75.84,26551402,70.96007936507935,72.59156387303807,55.69978726512462,73.33690476190476,74.57172420760621,71.92874573369659,-49.13657770800623,13.650334891157197,2.0784520081060327
2025-03-20 00:00:00,72.56,75.54,72.46,74.35,17851400,70.96499999999999,72.45897464336616,52.45563792594321,73.16823809523808,74.31720253954924,71.81625924180348,-60.83202511773943,13.903504214849034,2.3126822090378085
2025-03-19 00:00:00,71.92,73.79,70.73,73.02,15042100,70.97035714285713,72.38178993493212,49.38329577455575,73.17438095238094,74.23912390321043,71.74624759156801,-71.27158555729986,14.102351931573036,2.7947638093406035
2025-03-18 00:00:00,72.2,72.68,70.48,71.55,16137507,70.9824603174603,72.35574054452118,45.787890316546225,73.34595238095238,74.33388006833002,71.71474592256968,-82.81004709576139,14.055955171748764,3.1341526366786923
2025-03-17 00:00:00,72.02,73.81,71.78,72.73,20577800,71.00666666666665,72.3886279136853,48.34771331732856,73.70485714285715,74.63866622101325,71.72675206815802,-73.54788069073778,13.838302385858807,3.35622000917699
2025-03-14 00:00:00,70.55,71.79,70.33,71.55,13537300,71.02857142857141,72.37469435914183,45.519475673323875,73.9832380952381,74.80949241345621,71.70324113362125,-63.70772946859906,13.750931126808512,3.414442999963536
2025-03-13 00:00:00,71.68,72,69.36,69.51,15272232,71.05543650793649,72.40835535339251,40.26911985601796,74.41561904761905,75.15756138050006,71.71465212695247,-67.68817204301072,13.340150803930033,3.4206446760808107
2025-03-12 00:00:00,72.31,72.42,69.55,71.2,17315032,71.08702380952381,72.52665557189833,43.493479401576835,75.08914285714286,75.81951623401625,71.78761615801035,-58.60215053763438,12.912939268136416,3.134534415188322
2025-03-11 00:00:00,71.44,74.25,69.57,70.65,26668200,71.11678571428571,72.58080477891458,42.09228280961616,75.62909523809525,76.31281058513753,71.8109053172868,-61.55913978494619,12.48696809609102,2.8811672547771323
2025-03-10 00:00:00,74.94,75.49,71.97,73.06,22120100,71.15154761904763,72.65961313723763,46.81576521686806,76.25942857142857,76.92803606562146,71.85105179497795,-48.60215053763438,12.045825549414111,2.522455698322569
2025-03-07 00:00:00,73.99,76.7,73.78,76.27,18610400,71.17369047619047,72.64327081630856,54.3605523222664,76.66757142857142,77.26877273920357,71.81914449770318,-31.209850107066384,11.818993554082025,2.4139852422912615
2025-03-06 00:00:00,75.32,77.22,74.73,74.96,16504911,71.18488095238095,72.49524105370891,51.39200373294456,76.74009523809525,77.19535163617815,71.68960964461152,-38.22269807280516,11.77457472732167,2.8941428351067966
2025-03-05 00:00:00,75.65,76.94,74.93,76.48,13122300,71.21003968253967,72.39463864773785,55.2649471284007,76.8874761904762,77.28774273421362,71.59676624241956,-30.085653104925015,11.83373321956478,3.970382695660457
2025-03-04 00:00:00,72.93,76.68,71.6,75.26,24241234,71.22809523809521,72.22788920478837,52.6028143483685,76.85804761904762,77.17259038495709,71.45603170689333,-36.61670235546034,11.857109452764366,4.2348387218405374
2025-03-03 00:00:00,77.06,77.74,73.68,74.44,16999500,71.24492063492059,72.10412958049402,50.774542125861664,76.90685714285715,77.20598899473669,71.34906055773298,-41.00642398286938,11.84679765668238,4.655874649300601
2025-02-28 00:00:00,74.28,76.11,73.58,76.01,17752015,71.25797619047616,72.00878793071826,54.51297240844401,76.99761904761905,77.34800101378457,71.26447848587671,-32.60171306209846,12.059864619722646,5.042313060491186
2025-02-27 00:00:00,75.95,77.69,73.71,74.21,22535938,71.26884920634917,71.84547315238022,50.64423428053662,76.89399999999999,77.27989345879033,71.13068031187805,-42.237687366167044,12.06677047713314,5.390610911575792
2025-02-26 00:00:00,75.33,76.49,75.31,75.87,10338710,71.28531746031744,71.74896185247738,54.622603352994496,76.9262857142857,77.44430376297036,71.0482884114354,-33.351177730192674,12.087623882209344,5.677436833642449
2025-02-25 00:00:00,76.36,76.37,73.53,74.95,19559249,71.29456349206346,71.58075621380299,52.71085108211097,76.76333333333334,77.38782467529512,70.91402140008825,-38.276231263383266,12.27954412367587,5.838904777439002
2025-02-24 00:00:00,78.65,78.88,74.85,76.42,24368400,71.30678571428568,71.44323605926434,56.22539847869059,76.65857142857142,77.44296414978133,70.80462900710202,-30.406852248393978,12.464198861147013,5.951311620138875
2025-02-21 00:00:00,81.26,82.1,78.36,78.89,21774329,71.30686507936504,71.24010283719349,62.75375777265559,76.37638095238094,77.29135556283973,70.64855792980279,-17.18415417558884,12.797457727062628,6.027654684867075
2025-02-20 00:00:00,81.23,81.84,80.06,81.26,14770300,71.29777777777772,70.92786213667077,69.99485416054478,75.80852380952382,76.77328032585729,70.41472451144563,-3.4632034632034654,13.059173396148687,5.992170620901912
2025-02-19 00:00:00,80.79,81.9,79.26,81.16,14973426,71.2864682539682,70.50614222388182,69.85858575075542,74.95095238095239,75.86445342449751,70.10458929277827,-4.004329004329053,13.105500225004544,5.769516855855436
2025-02-18 00:00:00,79.85,81.51,79.75,81.49,18943227,71.28738095238091,70.07129088608107,70.84449009709043,74.039,74.86540411902224,69.79110473301125,-0.11055831951359994,13.153680127014637,5.467363601407903
2025-02-14 00:00:00,80.35,80.35,78.87,79.42,15405700,71.2780952380952,69.60522112632928,68.23316684339778,73.0282380952381,73.70822457200937,69.46125768900109,-6.487434248977203,13.139489514848886,5.03848697527343
2025-02-13 00:00:00,79.12,80.53,78.51,80.29,21754709,71.23670634920632,69.2046179069958,70.70461780547144,72.163,72.7084594793014,69.1871003960426,-1.4026884862653122,13.241681760715693,4.659104527696282
2025-02-12 00:00:00,74.97,80.1,74.15,79.35,33142400,71.1923809523809,68.75215333177113,69.59988932160049,71.15171428571428,71.47796234254801,68.88112954411673,-4.496402877697844,13.34796169641717,4.106261407898916
2025-02-11 00:00:00,78.91,79.2,76.6,76.95,27329600,71.15888888888884,68.31958816163933,66.6151642612812,70.16085714285714,70.24345628096636,68.59729539070838,-14.258555133079847,13.500415108389793,3.5802980322872555
2025-02-10 00:00:00,77.1,78.99,76.8,78.63,42551700,71.13769841269836,67.96732645395115,71.15620392190216,69.345,69.2071493246003,68.38008207815058,-2.036199095022622,13.35830324060013,3.134605676955235
2025-02-07 00:00:00,70.36,76.78,70.13,74.6,81813200,71.1060317460317,67.5321152888063,65.99240681820021,68.30885714285714,67.82807728849306,68.1078313259631,-13.124623720650252,13.229378286521218,2.1134745680987015
2025-02-06 00:00:00,65.67,70.05,65.54,69.99,45940242,71.08964285714283,67.24363019855349,58.00682279572111,67.61038095238095,66.85946785228258,67.95161093722453,-1.9860973187686477,13.299071245810241,1.5131668777765377
2025-02-05 00:00:00,66.5,66.75,63.5,64.48,78975900,71.08567460317458,67.13153347196383,43.205383501263526,67.33266666666667,66.42532809056155,67.93125766368298,-56.14552605703045,13.519530913352991,1.394300541490247
2025-02-04 00:00:00,67.69,70.19,67.69,69.75,33786239,71.09992063492062,67.23975932796235,62.89357522476579,67.58842857142857,66.70619655265884,68.07664749302846,-4.326450344149439,13.255497111530635,1.276105305215834
2025-02-03 00:00:00,65.3,68.85,65.18,67.29,25290048,71.08793650793649,67.13730052502203,53.76039862076337,67.31771428571429,66.2896564882889,68.06608702253962,-24.741200828157346,13.499701623750651,1.2488229458173787
2025-01-31 00:00:00,67.09,67.87,66.33,66.85,19805625,71.07992063492063,67.13106789339027,51.7895805313659,67.26166666666667,66.16945003429046,68.12949593626682,-29.29606625258811,13.528427212080286,1.4860190947629155
2025-01-30 00:00:00,63.42,67.22,63.42,66.59,33246503,71.07988095238095,67.14254005230416,50.63509974277879,67.21642857142858,66.09811091130635,68.20745600992144,-31.11782477341391,13.716458816047833,2.03389404837125
2025-01-29 00:00:00,67.8,68.06,65.82,66.75,29592600,71.08142857142856,67.16509270750025,51.33759479408915,67.1682380952381,66.05603083897228,68.2948270798073,-29.506545820745266,13.802051475114503,2.370766542703012
2025-01-28 00:00:00,68.33,69.68,67.16,68.07,24988500,71.0765476190476,67.18203526699004,57.442740224712765,67.07804761904761,65.98841719703535,68.37912846729606,-16.213494461228724,14.239512926303055,2.597402741201293
2025-01-27 00:00:00,67.64,69.41,67.37,68.77,20904644,71.06833333333333,67.14579180849984,61.01581703638516,66.83114285714285,65.73270925566851,68.42531639495112,-7.902439024390266,14.706743774380733,2.6988402601858437
2025-01-24 00:00:00,68.69,69.31,68.4,68.56,14360349,71.04845238095237,67.07949759660187,60.32839484563737,66.48395238095239,65.3550800420226,68.451311193469,-9.951219512195083,15.235294275669435,2.7068071135564855
2025-01-23 00:00:00,67.6,68.37,67.24,68.3,15355443,71.03162698412697,67.01906892707541,59.50751631612931,66.12490476190477,64.9687756490597,68.48413964439442,-12.487804878048792,15.615304811083085,2.6747654102743272
2025-01-22 00:00:00,68.39,68.43,67.5,67.82,18130028,71.01674603174602,66.96678602613972,58.01835487323269,65.75457142857144,64.58029333724804,68.52544346351145,-17.17073170731712,16.15407645927648,2.6868722987890576
2025-01-21 00:00:00,68,68.18,66.85,67.74,21423617,71.00599206349206,66.93196096598216,57.77804602529968,65.39371428571428,64.22027826590443,68.58202251139961,-17.951219512195156,16.6726025744211,2.715923231610201
2025-01-17 00:00:00,68.8,69.02,67.23,67.34,27139200,70.99464285714286,66.8989797809202,56.62530414536304,65.00947619047619,63.837049256838014,68.64211926627718,-21.853658536585314,17.248843515282264,2.6409723114792403
2025-01-16 00:00:00,67.75,69.58,67.64,68.58,29013144,70.97789682539683,66.88097895565163,61.455098906707185,64.63328571428572,63.4728741382409,68.71544736045419,-9.75609756097561,17.790241233710045,2.56371410262533
2025-01-15 00:00:00,66.01,67.25,66.01,67.02,22704830,70.95833333333334,66.81163115792312,57.18942754318576,64.09933333333333,62.904094369483715,68.75281992764477,-19.137749737118888,18.29147629260597,2.354853020891113
2025-01-14 00:00:00,66.16,66.81,64.62,64.84,25735800,70.9431746031746,66.80312630722611,50.01075299456793,63.68019047619046,62.49632536204784,68.83792984202262,-56.61417322834643,18.897584698526774,2.2503553052795913
2025-01-13 00:00:00,65.16,67.19,65.02,65.7,23960107,70.9377380952381,66.88325391160268,53.28374741257068,63.452333333333335,62.35257825432599,68.99042598535475,-51.262433052792645,19.460447534203315,2.20479675934087
2025-01-10 00:00:00,64.5,66.6,63.96,65.97,30728846,70.92468253968254,66.93154998962727,54.32013776916401,63.12104761904762,62.081530354756424,69.11999719124391,-52.29885057471264,20.1010535168651,2.088406749175075
2025-01-08 00:00:00,66.4,66.68,64.12,64.91,24523300,70.90218253968254,66.97079692797939,50.83394512940095,62.75923809523809,61.751776308495565,69.24395964846735,-60.45357902197025,20.680358800319325,2.007809502916051
2025-01-07 00:00:00,68.49,68.84,65.95,66.15,35347800,70.87876984126984,67.05491108830508,55.42904700747436,62.50233333333333,61.541240346913355,69.40229064492326,-51.665485471296904,21.303630438548073,2.071559497093917
2025-01-06 00:00:00,66.97,67.35,66.04,66.31,32980700,70.84476190476191,67.0918462347665,56.03595339493958,62.12704761904762,61.1456517375576,69.52632411458822,-50.53153791637134,22.114946164884227,2.065890788497785
2025-01-03 00:00:00,63.69,65.22,63.44,64.59,28553825,70.81099206349207,67.12375832598147,50.64118503510001,61.73138095238095,60.695350595415974,69.64792094508105,-62.87932251235,22.829883293357337,1.9698869891443012
2025-01-02 00:00:00,62.19,63.39,61.31,63.17,25899100,70.78583333333333,67.22717703316438,45.515872453853454,61.535571428571416,60.44474322326404,69.8237052872197,-72.99578059071727,23.24468339555555,2.90608912457963
2024-12-31 00:00:00,61,61.1,60.17,60.32,14487300,70.76682539682538,67.3927760957425,32.44199979592025,61.51357142857143,60.37395528327468,70.04571092869645,-93.03797468354429,23.362682546369516,3.475196253451018
2024-12-30 00:00:00,60.51,61.37,60.12,60.77,17709217,70.77178571428571,67.68146083434425,33.62498501820809,61.823714285714274,60.69946892006081,70.3579686301691,-89.87341772151896,23.0451392886221,4.057028808130402
2024-12-27 00:00:00,61.19,61.26,60.02,61.13,13483600,70.78119047619046,67.96356127656237,34.561178357977454,62.14428571428571,61.007555399574755,70.66277793906265,-87.3417721518987,22.714894300564783,4.389393352161547
2024-12-26 00:00:00,61.6,61.97,61.16,61.56,12683900,70.7897222222222,68.24248214499349,35.66245376439237,62.48052380952381,61.30881685642922,70.96267946066979,-84.31786216596339,22.350010961021738,4.619565428695647
2024-12-24 00:00:00,61.97,61.98,60.88,61.71,7882500,70.79138888888886,68.51523651825853,36.03438498354841,62.82342857142857,61.59290364907061,71.25544112600866,-83.26300984528831,22.086084426066062,4.794776819623619
2024-12-23 00:00:00,60.88,62.22,60.76,61.87,16093600,70.79138888888887,68.79300127410582,36.41050124444963,63.20780952380953,61.89667985969142,71.5493389740836,-82.23776223776224,21.811600829712162,5.046062227123245
2024-12-20 00:00:00,60.09,61.39,59.75,60.73,26377700,70.78976190476187,69.07557275468157,31.69348572952552,63.62285714285715,62.220844210426066,71.84407203924636,-90.20979020979021,21.526137889504106,5.112771850963037
2024-12-19 00:00:00,61.85,62.31,59.98,60.21,27811409,70.78956349206346,69.41620837732164,29.477729399074533,64.18890476190475,62.74683536882591,72.17883059980699,-93.84615384615383,21.08377848347169,5.001265114948416
2024-12-18 00:00:00,61.39,63.94,60.85,61.23,46736705,70.79714285714283,69.79197198455925,31.328767370976124,64.84919047619047,63.410010353067236,72.53570305666128,-86.71328671328672,20.644143502336558,4.809532305744499
2024-12-17 00:00:00,59.42,61.04,59.33,61.03,35025500,70.79912698412697,70.14144022882697,30.534557561560476,65.44995238095237,64.01190228938549,72.86867627090668,-88.11188811188809,20.263870342029538,4.628693768224465
2024-12-16 00:00:00,60.31,61.3,60.12,60.25,38612401,70.80242063492062,70.51333574837092,27.497935807146746,66.1092857142857,64.71403135198277,73.21402667480135,-96.3282937365011,19.348652948054458,4.392657623808165
2024-12-13 00:00:00,61.86,62.26,59.74,59.93,47325346,70.81134920634919,70.93224741156973,26.27011168573138,66.90480952380952,65.60640935881754,73.58946486117121,-98.85954381752703,18.45789443882424,4.160413561173937
2024-12-12 00:00:00,63.17,63.54,61.25,61.41,45673208,70.81944444444443,71.38131873449095,28.330592119780974,67.78561904761906,66.64477990237636,73.9816996639879,-92.70253555967842,17.531505589224814,3.6904231125983378
2024-12-11 00:00:00,64.5,64.69,60.23,61.18,71089520,70.82464285714285,71.78831133589874,27.510117008018113,68.57190476190476,67.59523765832225,74.33676858403936,-94.12492269635125,16.684397458821053,3.249677522462806
2024-12-10 00:00:00,65.67,65.76,64.64,64.96,23672900,70.8297222222222,72.22130363532317,33.33376709222581,69.42861904761904,68.68361929070122,74.70545231480712,-94.38943894389446,15.803405003201144,2.6163686189067477
2024-12-09 00:00:00,65.5,66.17,65.06,65.74,27602901,70.81678571428569,72.51768337554044,34.74301858300734,69.95719047619046,69.37023079076471,74.96709230352513,-87.95379537953801,15.268206725213957,2.341394883397501
2024-12-06 00:00:00,66.45,67.1,65.2,66.09,36413200,70.7978968253968,72.79432351331761,35.366005424569394,70.44147619047618,70.02625068184433,75.20996042420032,-85.06600660066005,14.75249894243414,2.088613176248775
2024-12-05 00:00:00,71.93,72.03,64.28,65.23,77320417,70.77273809523808,73.06796937100404,32.60885881965493,70.9259523809524,70.70721395485279,75.44662248291499,-93.98734177215188,14.229522403070122,1.8393044881150047
2024-12-04 00:00:00,71.4,72.4,70.65,72.16,17263132,70.74392857142855,73.38788648818787,47.897133906633066,71.53580952380952,71.58200212315451,75.71341560456389,-64.49511400651467,13.685626802131544,1.3830700452254763
2024-12-03 00:00:00,73.06,73.25,71.25,71.27,12760500,70.69023809523809,73.43800430403228,44.811506255155734,71.49514285714287,71.59553770132969,75.77605083624215,-71.742671009772,13.821860696796309,1.4851804604155021
2024-12-02 00:00:00,71.93,73.44,71.47,73.07,11574636,70.63499999999999,73.52649427562542,50.419074801973174,71.54866666666666,71.73644797460082,75.86618103218082,-57.084690553745965,14.044347328228042,1.5166759706674338
2024-11-29 00:00:00,71.7,72.44,71.52,71.96,7348700,70.56876984126986,73.54512669503872,46.59209299117058,71.43161904761905,71.64696994929184,75.90324459584019,-66.12377850162869,14.305096308722172,1.524509429291929
2024-11-27 00:00:00,72.06,72.7,71.01,71.62,12967800,70.50702380952382,73.6098257438158,45.39325833336831,71.42071428571428,71.70459627257475,75.9739029253283,-69.48881789137373,14.42040808469449,1.5249868032215896
2024-11-26 00:00:00,73.49,73.5,71.34,71.56,13704900,70.44587301587302,73.6910431211144,45.191659491192986,71.47938095238096,71.81855645281799,76.0556081000603,-72.04460966542747,14.540332331705702,2.2465048408583517
2024-11-25 00:00:00,72.6,73.55,71.83,73.42,17446600,70.38436507936508,73.77802447299662,50.56533820631844,71.58019047619048,71.95610878028822,76.14013054390608,-58.2156133828996,14.704667026554095,2.7036018105482924
2024-11-22 00:00:00,70,71.54,69.35,71.51,14874100,70.3125396825397,73.7926377167924,44.2434790766469,71.52419047619048,71.8548523612368,76.16962723240906,-72.41635687732337,14.933692871957374,2.9185212008823926
2024-11-21 00:00:00,70.25,70.87,68.8,69.64,25657713,70.24849206349208,73.8858066031921,36.90833227006862,71.67919047619048,72.01004043715432,76.25665001291546,-86.31970260223046,14.87390360421268,3.0794965091715896
2024-11-20 00:00:00,69.29,70.33,68.95,69.6,16656600,70.18980158730159,74.0591048318938,36.74303900122442,72.05390476190476,72.44292459792496,76.40114236022569,-88.52040816326533,14.707403674491111,3.1709454031881417
2024-11-19 00:00:00,68.51,69.6,68.2,69.13,22289103,70.13087301587301,74.2411091107466,34.88163857946951,72.48114285714286,72.92976167296527,76.54907285369626,-92.162639952858,14.450128369209521,3.310588165266106
2024-11-18 00:00:00,72.04,72.04,67.8,69.33,45238309,70.07257936507936,74.44972580914441,35.29198918265445,73.00685714285714,73.53505463660605,76.71346079168647,-91.67573449401523,14.068677337095046,3.378379789188894
2024-11-15 00:00:00,72.1,73.63,71.76,73.25,23980917,70.01341269841271,74.65869420951765,44.90682681041043,73.5665238095238,74.17817748977174,76.87442103078061,-80.26853473438415,13.671968263695991,3.372898271516648
2024-11-14 00:00:00,71.16,72.75,70.76,71.44,17372200,69.93607142857141,74.7161919323551,37.6203692234606,73.78099999999999,74.34931702833673,76.91970774199572,-90.83479276123764,13.66569174782298,3.446626756699946
2024-11-13 00:00:00,71.53,72.08,70.55,71.16,15006009,69.86638888888888,74.84991405204306,36.412314961729855,74.20814285714287,74.78930255562281,77.0197436698935,-92.46935201401055,13.525337091870702,3.441283917377349
2024-11-12 00:00:00,71.97,72.68,71.2,71.37,19439705,69.79130952380952,75.00052278886113,36.91012742618074,74.71309523809524,75.31475901400502,77.12949037679698,-91.24343257443081,13.276298658452303,3.493398917959412
2024-11-11 00:00:00,72.65,73,71.34,71.65,22682200,69.71277777777777,75.14870739248812,37.54565026055943,75.25438095238096,75.8664648647176,77.23435718390398,-89.6088733216579,13.084525429350256,3.5815601000122834
2024-11-08 00:00:00,73.44,73.56,71.56,72.04,20152600,69.62706349206348,75.29151177585497,38.400811301145836,75.83228571428573,76.4368851537496,77.33212273333828,-87.33216579100991,12.89935747662065,3.746460462890273
2024-11-07 00:00:00,76.1,76.4,72.74,73.13,24305902,69.53761904761903,75.42422654221639,40.81331126570336,76.44114285714286,77.01213647021184,77.41931524999217,-80.9690601284297,12.72859151546207,3.953441665182377
2024-11-06 00:00:00,73.46,74.62,70.74,74.36,26410700,69.44551587301585,75.51786844189868,43.68936204069585,76.96900000000001,77.49547531591858,77.47460464394447,-73.78867483946296,12.668220980810135,3.7655555698993477
2024-11-05 00:00:00,73.55,74.34,73.24,74.15,12274600,69.34146825396822,75.5651283783027,43.05316179310075,77.39642857142856,77.85736203346973,77.49311715215771,-75.0145942790426,12.358250161773338,3.6401821383002253
2024-11-04 00:00:00,72.75,74.22,72.66,73.25,14949148,69.23670634920632,75.62288872027425,40.37219949061746,77.85347619047619,78.28321659641003,77.51752132745835,-80.26853473438415,12.286758403183466,3.534932672626171
2024-11-01 00:00:00,73.94,74.15,72.25,73.25,33542204,69.13047619047614,75.71974132110176,40.37219949061746,78.40261904761905,78.87431453767041,77.5687327454794,-80.26853473438415,12.19573856254692,3.4376407607543875
2024-10-31 00:00:00,74.5,74.99,69.87,72.05,64047100,69.01373015873013,75.82054708931,36.960230483450886,78.95666666666668,79.52300403041778,77.62014726476914,-87.27378867483951,12.091675274114136,3.3576582241199002
2024-10-30 00:00:00,79.23,80.08,78.82,79.43,14997700,68.89956349206345,75.97444697050632,54.90013532633883,79.6292380952381,80.39993457311523,77.7079407274666,-50.1324503311258,11.983449454144042,3.269087946201509
2024-10-29 00:00:00,77.85,79.99,77.77,79.21,14469600,68.75392857142852,75.83340398971066,54.28592511078078,79.56771428571429,80.34434659837063,77.57414169602208,-51.589403973509995,11.96331929381323,3.538703717464913
2024-10-28 00:00:00,78.2,78.38,77.47,77.69,9311900,68.60321428571423,75.69558374439272,49.909346670958186,79.50347619047619,80.30682290024572,77.44343007664912,-61.655629139072886,11.953256244698899,3.6720559295849515
2024-10-25 00:00:00,78.26,78.84,76.96,77.62,11727421,68.45611111111106,75.61417899926589,49.70342932843647,79.57195238095238,80.46838346445614,77.35506706805158,-62.119205298013235,12.14097237566882,3.7419178237903625
2024-10-24 00:00:00,78.01,78.6,77.14,78.38,15220900,68.31615079365075,75.53230875433796,51.85242824560356,79.63819047619046,80.64943717236146,77.2661882733091,-57.08609271523184,12.33619715187754,3.7835954791705735
2024-10-23 00:00:00,80.06,80.32,79.36,79.83,8689900,68.18047619047614,75.41607645859665,56.153711415078256,79.62399999999998,80.73708861660353,77.15175832955414,-47.4834437086093,12.568312516650263,3.8000472365485147
2024-10-22 00:00:00,80.47,81.25,79.98,80.41,10754049,68.0344841269841,75.23591631404958,57.938859233697386,79.45890476190476,80.62603592153837,76.99045979083957,-42.001274697259426,12.490311512216845,3.7886597564310267
2024-10-21 00:00:00,79.94,80.57,79.55,80.46,11238726,67.88587301587296,75.0247292248271,58.086678003959385,79.22442857142859,80.41535127986926,76.8075836164995,-40.977443609022615,12.315096498498791,3.7531088446779695
2024-10-18 00:00:00,80.53,80.55,78.8,79.16,14186721,67.73611111111106,74.80288143808535,55.33555335971871,78.95780952380954,80.16768261665463,76.61868103548079,-48.816936488169375,12.206499726518938,3.769866675361346
2024-10-17 00:00:00,79.92,80.88,79.41,79.9,27373200,67.592619047619,74.62503986412965,57.324400423405436,78.79014285714285,80.06537546348473,76.46434096007269,-37.07571801566576,12.095688729087197,3.8371154204688724
2024-10-16 00:00:00,82.93,83.48,81.62,81.9,12398522,67.45166666666663,74.40973536878799,63.00775467759043,78.53,79.84209523036914,76.2837575427424,-25.653923541247465,11.89435123594025,3.818649335825432
2024-10-15 00:00:00,84.77,84.77,82.65,83.2,14858500,67.30408730158724,74.10401028179973,67.01814145200338,78.03938095238095,79.31136908893563,76.03841800267833,-19.114688128772624,11.358113438970452,3.7362043239094946
2024-10-14 00:00:00,85.64,86.18,84.18,84.94,14752430,67.1464682539682,73.73274539534258,72.77514573076492,77.37533333333333,78.53791689122654,75.74813270006113,-10.36217303822939,10.638678781048675,3.520531032387018
2024-10-11 00:00:00,82,87,81.86,86.34,57290500,66.99174603174598,73.27530643188717,77.76616146733528,76.48166666666667,77.43627690363637,75.39874272616129,-3.3199195171025995,9.640462910603665,3.042456696487233
2024-10-10 00:00:00,77.65,78.24,76.9,77.92,15033626,66.83420634920631,72.74205363318869,63.964272875158784,75.38866666666667,76.02003298486265,74.99932523921544,-4.677846425419252,8.602318405340855,1.8534677634099819
2024-10-09 00:00:00,76,77.96,75.96,77.87,17251100,66.71003968253966,72.53070888352292,63.840501648148404,75.05076190476191,75.61217265444529,74.84497304765773,-5.119152691968211,8.408126044842785,2.2406865019453295
2024-10-08 00:00:00,75.25,77.02,75.06,76.17,17800300,66.58138888888887,72.31277863387079,59.442540555460894,74.68066666666665,75.16398898244903,74.6882717206152,-20.12356575463373,8.243124625977437,2.273007699063071
2024-10-07 00:00:00,74.26,75.74,73.73,74.59,15328806,66.46079365079362,72.15534102709,54.686077523012166,74.43828571428571,74.8992084060897,74.57892782975206,-34.06884377758164,8.19640401788659,2.4588117048688374
2024-10-04 00:00:00,74.11,74.32,73.22,74.28,10757712,66.34182539682537,72.05596719146102,53.69673908198576,74.32357142857143,74.82062223783086,74.51428042169829,-36.804942630185366,8.325463416424785,2.5832856500975647
2024-10-03 00:00:00,72.56,73.21,71.9,72.94,11096334,66.22539682539679,71.9651903421329,49.24925873331931,74.21600000000001,74.77248454859416,74.4569385255238,-48.631950573698205,8.647519423688474,2.702262894316539
2024-10-02 00:00:00,74.09,74.31,72.79,72.87,11323400,66.11257936507931,71.9254021928322,49.0116942019693,74.22799999999998,74.89996343378934,74.4381033256676,-49.24977934686672,8.808898638037563,2.733763705955582
2024-10-01 00:00:00,75.77,75.77,73.84,74.24,8980535,66.00468253968248,71.88684718029472,53.5687984038099,74.24042857142857,75.0459650448921,74.42025593413365,-37.15798764342461,9.108412094798863,2.753298884974168
2024-09-30 00:00:00,75.32,75.72,74.26,75.16,12993585,65.89257936507933,71.7908001264292,56.86583075856789,74.11119047619049,75.01348429351302,74.359995084489,-29.037952338923272,9.364762699364812,2.748034024534631
2024-09-27 00:00:00,77.03,77.08,75.7,75.75,7580133,65.77742063492059,71.65328176424264,59.029339885758844,73.88466666666667,74.84579352151617,74.27003195925536,-23.830538393645217,9.565964934800673,2.6991114741707127
2024-09-26 00:00:00,78.36,78.45,75.13,76.69,14788600,65.65595238095233,71.48606877502804,62.55001474049596,73.5852380952381,74.57429054175986,74.15971798540711,-15.53398058252432,9.544036580963935,2.613132985517576
2024-09-25 00:00:00,77.51,78.28,77.08,77.14,12552602,65.52730158730155,71.27366341890675,64.25356599298924,73.17323809523809,74.1399843280704,74.0180920378023,-10.215053763440867,9.521231092973727,2.4422374986884465
2024-09-24 00:00:00,76,77.51,75.97,77.44,16099212,65.39940476190472,71.03422110947436,65.35544425792786,72.69657142857142,73.59376767091477,73.85930067271016,-0.6737247353224964,9.169280115672306,2.184832945558996
2024-09-23 00:00:00,75.11,75.27,73.78,74.71,8285323,65.2683333333333,70.77276074659576,59.48439983369986,72.16833333333335,72.94510027708577,73.68752566036417,-18.736616702355484,8.898386727822912,1.8218953729564165
2024-09-20 00:00:00,74.82,75.05,73.45,73.94,17472700,65.14884920634915,70.61205710359968,57.602647321625575,71.89814285714286,72.60180685666008,73.59386817289936,-26.98072805139185,8.914804107338218,1.7921526162690498
2024-09-19 00:00:00,74.98,76.46,74.56,75.28,17698445,65.04015873015868,70.47622269966497,62.276718692716905,71.69828571428572,72.32576380736668,73.52080920011761,-12.63383297644533,8.962789700799084,1.7608074142279162
2024-09-18 00:00:00,72.77,74.74,72.19,73.5,11720932,64.93027777777773,70.28015015679415,58.08112916834629,71.3622380952381,71.83318303970864,73.4051457272437,-16.272965879265044,8.828637454478015,1.6233954385792764
2024-09-17 00:00:00,71.97,73.73,71.31,72.78,14639821,64.82317460317456,70.14872771421433,56.25364679815485,71.19480952380952,71.53222840251696,73.34009138574436,-23.097826086956562,8.927530364799457,1.6136622942858896
2024-09-16 00:00:00,72.36,72.5,71.04,71.52,12016700,64.72293650793647,70.04132884540675,52.918232847398215,71.10261904761906,71.29700091149287,73.2947061625719,-40.21739130434794,9.179879989415223,1.6859199269241711
2024-09-13 00:00:00,72.4,72.76,70.94,72.48,30376500,64.63087301587296,69.98097492072947,55.9354827430779,71.13290476190475,71.20905605712885,73.28566594384395,-23.446658851113714,9.460851045260268,1.6852258008943501
2024-09-12 00:00:00,70.06,70.49,67.85,68.09,16381700,64.53436507936503,69.87897389708577,41.858876113725856,71.07295238095237,70.97762772267897,73.24676439826132,-71.07897664071183,9.753060943339117,1.6908591750941304
2024-09-11 00:00:00,68.83,70.22,67.12,70.11,14671900,64.45432539682535,69.95199323982396,48.475446584508106,71.44938095238096,71.32584039771223,73.33870315970522,-31.25894134477828,9.683914652225244,1.4544376060869728
2024-09-10 00:00:00,70,70.46,67.64,68.99,20227244,64.37031746031741,69.94554398430657,43.91080645080174,71.63795238095238,71.42972745968146,73.37084316688232,-27.953156822810637,9.564951918204185,1.4052295186196466
2024-09-09 00:00:00,70.95,71.19,69.63,69.8,8804605,64.28400793650789,69.98454577958438,46.68850144138356,71.93447619047619,71.69664369834219,73.43664429023467,-23.8289205702648,9.510854947597549,1.3763839398946796
2024-09-06 00:00:00,71.13,72.02,68.73,69.58,11449834,64.19063492063488,69.99207826038375,45.82418742716317,72.14785714285713,71.87704789639166,73.47858463611661,-24.949083503055018,9.736576956557322,1.5033578250037476
2024-09-05 00:00:00,71.08,72.62,70.92,71.25,8890900,64.09666666666662,70.00889778121574,51.73649124061606,72.3794761904762,72.10365936219424,73.5272300168187,-16.44602851323831,9.971327845875486,1.5542734637122249
2024-09-04 00:00:00,71.52,72.69,71.3,71.56,7995815,63.99865079365075,69.95824054779597,52.913248634185564,72.42485714285715,72.12025743732804,73.52572198745773,-14.867617107942982,10.188164713123154,2.097513468371537
2024-09-03 00:00:00,72.57,73.61,71.21,71.89,13053336,63.90134920634917,69.8928626109713,54.13026861643274,72.40885714285713,72.09232607044842,73.51404867486985,-13.187372708757655,10.351668907339704,2.576211559635581
2024-08-30 00:00:00,72.89,73.42,72.06,73.13,12676935,63.803492063492016,69.81134679917422,58.85337488118461,72.29757142857143,72.0123601395886,73.4913972787499,-6.873727087576419,10.521713269324916,3.8093152599909605
2024-08-29 00:00:00,72.5,73.28,72.13,72.24,9300800,63.6978571428571,69.67589156648744,56.31284109450387,72.00085714285713,71.74936763053432,73.43010514593279,-11.405295315682327,10.564307438545207,4.538986092730402
2024-08-28 00:00:00,72.5,72.55,71.02,71.85,9529400,63.591150793650755,69.5712340794053,55.186979806231875,71.7354761904762,71.57817467961486,73.39361259523704,-13.391038696537727,10.626840783100752,4.907655524789816
2024-08-27 00:00:00,72.49,73.09,71.8,72.56,7294117,63.48123015873012,69.47822322550348,57.70072596459679,71.47209523809525,71.43949557788824,73.36734122549036,-9.775967413441963,10.786143037338652,4.9903431495238895
2024-08-26 00:00:00,74.3,74.3,72.11,72.61,10999937,63.36773809523805,69.35243641838117,57.87310663318799,71.096,71.18505015687654,73.31832747122937,-9.521384928716929,10.83521334519983,5.08645937760246
2024-08-23 00:00:00,72.85,74.46,72.35,74.3,13065600,63.25690476190472,69.21947463953958,63.86101456838392,70.673,70.89394165483166,73.26600980380846,-0.916496945010218,10.83998495179293,5.104240663409202
2024-08-22 00:00:00,73.55,74.12,72.67,73.31,9571940,63.141190476190424,69.01210625747999,61.70577574672379,70.04190476190476,70.33635421477881,73.16087219455835,-5.9572301425662,10.809870391808317,4.963724685153278
2024-08-21 00:00:00,73.72,74.29,73.06,73.48,9290200,63.026269841269794,68.83668202309141,62.29818782223596,69.46904761904761,69.85460992613443,73.08265478329722,-5.091649694501018,10.817120890524116,4.805592055095815
2024-08-20 00:00:00,74.27,74.48,73.28,73.31,10246500,62.91178571428566,68.64715884036045,61.95905903760753,68.84504761904762,69.29711325420605,72.99692517691041,-10.165369649805463,10.770780606170659,4.59489020543473
2024-08-19 00:00:00,72,74.22,71.8,74.18,13821300,62.79821428571423,68.45683879302823,64.72578005298564,68.20966666666666,68.70341200005623,72.91378319744445,-5.933852140077814,10.692808910494204,4.3600725624695755
2024-08-16 00:00:00,72.5,73.35,71.76,72.04,11548300,62.67833333333328,68.22324037641714,60.71943738612771,67.4607142857143,67.92690718051023,72.80192414067832,-16.342412451361863,10.638294633318313,4.015231500175302
2024-08-15 00:00:00,72.51,73.42,72.29,72.73,13711340,62.56567460317455,68.06745426933212,62.856878290197,66.89304761904762,67.36451864269122,72.75152443972078,-12.986381322957206,10.66992195325465,3.8049106099880996
2024-08-14 00:00:00,71.6,72,70.61,71.93,12337000,62.451984126984065,67.87714628032525,61.39375769919213,66.22885714285715,66.64894972543222,72.67849464926296,-16.877431906614778,10.637228482758275,3.48752978481905
2024-08-13 00:00:00,69.77,71.19,69.38,71.06,15472546,62.34452380952376,67.7117236795222,59.7944489157571,65.62509523809524,65.97054600558961,72.62730220951255,-21.108949416342426,10.744817901765675,3.261852962657883
2024-08-12 00:00:00,68.61,69.31,68.02,69.26,10826108,62.23599206349201,67.57505933991087,56.31791283877907,65.11961904761905,65.34368731499379,72.60049581922803,-29.863813229571985,10.939288036253535,3.5931098995160173
2024-08-09 00:00:00,69.14,69.38,67.75,68.54,12770320,62.13813492063486,67.50628625174396,54.868418299631244,64.79999999999998,64.90284789653651,72.6266035797851,-33.365758754863805,11.339886294294594,3.795958903887133
2024-08-08 00:00:00,66.53,69.17,65.95,69.01,21779121,62.041190476190415,67.46409385385596,55.99468352488963,64.56747619047619,64.51914031898174,72.67412235186674,-31.079766536964982,11.756508482657296,4.019139553436781
2024-08-07 00:00:00,65.56,68.4,65.49,65.54,31493600,61.94654761904756,67.40099564380927,48.78797192951291,64.3117142857143,64.0349791497712,72.70759560018166,-47.957198443579756,12.211477305143383,4.294173348853072
2024-08-06 00:00:00,62.55,65.82,60.5,64.87,53336900,61.8648412698412,67.47695464967904,47.23877176191746,64.40419047619048,63.98401743727368,72.84552598135272,-51.215953307392994,12.636855942083937,4.3368385951058865
2024-08-05 00:00:00,55.53,58.65,54.84,58.48,32063700,61.78678571428564,67.58336096191084,27.931408555418713,64.59119047619048,64.02559856038994,73.0055829340067,-82.295719844358,12.804368164352073,4.441378474077615
2024-08-02 00:00:00,59.38,59.58,56.86,58.99,27654600,61.73690476190469,67.95492671545821,28.710029980871028,65.44757142857144,64.95850826915708,73.36065835749761,-88.51132686084141,12.021292470152135,4.099315308682657
2024-08-01 00:00:00,64.86,65,60.76,61.02,18967935,61.689166666666594,68.32084209159936,32.00788593148242,66.31285714285714,65.92337413960723,73.70661528545864,-98.22404371584696,11.37886407092887,3.672416745142087
2024-07-31 00:00:00,63.88,65.18,63.66,64.47,18209700,61.63214285714279,68.61883564635852,39.09476489217848,67.0337619047619,66.71293728460628,73.99741133396742,-85.45738858483192,11.095730772895141,3.354596063611832
2024-07-30 00:00:00,64.15,64.77,62.61,63.09,16506200,61.5725793650793,68.78817587682212,33.63721196758391,67.45561904761905,67.11222198520754,74.18909418216592,-96.24706802189208,11.146401149729918,3.2442448659125587
2024-07-29 00:00:00,64.83,65.26,63.72,63.76,16907000,61.5132539682539,69.02075448403936,35.05327628980683,68.04704761904762,67.7462573114108,74.42527382224975,-99.65753424657535,11.134983637837793,2.9865230620237972
2024-07-26 00:00:00,66.1,66.26,64.18,64.4,17379446,61.44519841269835,69.2354791568573,36.41296509425529,68.61714285714285,68.35620132952698,74.64501623706894,-98.03921568627452,11.263018288734951,2.785147033820656
2024-07-25 00:00:00,66,69.37,64.4,65.74,22596919,61.377380952380875,69.43284565305555,39.38298734193902,69.15457142857143,68.94304008825652,74.8488730791598,-87.81818181818191,11.455052789516296,2.5014977513481798
2024-07-24 00:00:00,67.27,67.79,65.78,66.14,15187117,61.3036904761904,69.58357404705782,40.29397883451928,69.58871428571427,69.40717788467279,75.0153980333261,-96.25779625779627,11.682481541319513,2.301951943460158
2024-07-23 00:00:00,68.05,69.1,67.28,67.52,9539800,61.229007936507855,69.72412808979487,43.51889104942308,70.0097142857143,69.86492783808222,75.17216190090264,-82.16892596454647,11.69094336943216,2.1033698557315113
2024-07-22 00:00:00,67.53,68.78,67.08,67.73,13407987,61.148492063491986,69.81409250162324,44.01668614237042,70.31366666666668,70.1799313979801,75.289402634189,-79.97914494264859,11.883016637713066,1.9847298934615754
2024-07-19 00:00:00,66.78,67.44,66.1,67.31,12809588,61.06452380952372,69.89915750168949,42.80161453289369,70.60942857142858,70.49826516191582,75.40158464093165,-84.35870698644422,12.036894603488905,1.8686585429125353
2024-07-18 00:00:00,69,69.34,65.81,66.26,21988924,60.98440476190469,70.00483739971763,39.76678250209281,70.95942857142857,70.9067855977001,75.52758624784722,-95.30761209593324,12.00178845212693,1.691867311582087
2024-07-17 00:00:00,73.38,73.41,68.56,68.62,27884447,60.9096031746031,70.15768790582855,44.71875999331735,71.42880952380952,71.50131710352396,75.68666551190674,-76.6968325791855,11.965278054710474,1.3138389360952893
2024-07-16 00:00:00,73.11,75.4,73.11,74.3,17528998,60.81789682539676,70.22045067749502,61.962902892378345,71.68233333333333,71.83023447413352,75.77665753811213,-12.443438914027242,12.253732842808565,1.1882617556750714
2024-07-15 00:00:00,73.06,73.25,70.76,72.29,13472570,60.70063492063485,70.05393846024992,56.44385250952496,71.37471428571429,71.4073672390078,75.69605512849155,-20.856353591160108,12.26655088614876,0.9931112727182206
2024-07-12 00:00:00,72.11,73.8,72.11,72.43,14683659,60.59488095238087,69.96267064230095,56.97855936561569,71.25171428571429,71.2151616719307,75.67327510146782,-14.28571428571418,12.584549350531299,0.9533848907969975
2024-07-11 00:00:00,69.51,73.65,68.85,73.53,26702460,60.48412698412691,69.86196332157853,61.20909156019538,71.11880952380952,70.98133266283578,75.64465357271611,-1.2060301507538143,12.685377112857843,1.0181526162614343
2024-07-10 00:00:00,71.5,71.5,68.38,69.27,14638754,60.36837301587294,69.7122475387858,47.07905163965867,70.86238095238095,70.56930530446292,75.58112247663462,-40.61913696060037,12.811538505859657,0.8892574149255109
2024-07-09 00:00:00,71.4,72.28,71.13,71.32,8759653,60.263253968253906,69.73029845873624,56.23188760823155,71.00847619047619,70.70015487329272,75.64358259395797,-21.388367729831163,13.264288438673914,0.9576659125185583
2024-07-08 00:00:00,71.31,71.78,70.75,71.25,7231051,60.150515873015806,69.6654126815418,55.96041206188612,70.9497619047619,70.56011422662479,75.6443119200185,-22.04502814258907,13.23707359641912,1.0026528561770531
2024-07-05 00:00:00,70.99,71.42,70.39,71.06,6599189,60.03488095238089,69.60073564813533,55.26100502063535,70.88652380952381,70.41336093488353,75.64597749926689,-23.760523854069156,13.284219875732685,1.067334998957685
2024-07-03 00:00:00,70.66,72.14,70.5,71.3,7869781,59.92615079365073,69.54117383785514,56.309930665387306,70.81642857142856,70.275853970433,75.65220860739717,-21.515434985968174,13.387453842572974,1.481574837799294
2024-07-02 00:00:00,71.25,71.26,68.88,70.67,14318951,59.81420634920629,69.46938501491044,54.190464761672025,70.69133333333333,70.08935265209925,75.65012445630522,-27.408793264733333,13.47467955687637,1.9236638869615466
2024-07-01 00:00:00,72.2,72.58,69.4,71.1,13438725,59.7050793650793,69.42038032164149,55.909449983507336,70.5934761904762,69.9688946526615,75.66578098316678,-23.38634237605239,13.694144514861286,2.340644943172716
2024-06-28 00:00:00,70.81,73.26,70.77,72.68,21375880,59.59190476190469,69.35182441640237,62.69501867709515,70.4235238095238,69.7752731115553,75.6675674292245,-8.606173994387163,13.831549612179924,2.5606766195675714
2024-06-27 00:00:00,70.98,71.32,70.07,70.34,9650481,59.47904761904755,69.21598051503103,55.22109645728438,70.06233333333333,69.34239392790575,75.6205228452904,-30.49579045837223,13.72627028453531,2.6753595552747673
2024-06-26 00:00:00,70.94,71.6,70.55,70.85,10232568,59.373849206349135,69.17010216870577,57.55472857009242,69.89823809523809,69.18638147701535,75.64184876318984,-25.72497661365763,13.894046145005795,2.7860332015250635
2024-06-25 00:00:00,71.86,72.94,70.22,71.38,18911562,59.26896825396819,69.1015349102856,60.00160034213082,69.65066666666668,68.94325009626174,75.64698517225179,-20.76707202993451,13.980300884820092,2.9457282206612336
2024-06-24 00:00:00,69.83,71.23,69.75,70.54,12479277,59.15769841269835,69.0085363351952,57.33196740436807,69.3187142857143,68.60139247760627,75.63499437135141,-28.624883068288014,14.07000581422696,2.976087154301768
2024-06-21 00:00:00,70.04,70.25,69.23,70.21,20913321,59.04765873015867,68.94602761418277,56.267171243744386,69.0337142857143,68.33983392655001,75.64683040486966,-31.711880261927046,14.414115863446693,3.051047156305519
2024-06-20 00:00:00,70.51,71.12,69.73,70.3,10662403,58.93833333333327,68.89443690455758,56.625033765955386,68.75761904761904,68.09693606296942,75.66758821149506,-30.869971936389128,14.926055400730919,3.018648538667593
2024-06-18 00:00:00,70.6,71.21,69.89,70.33,9511579,58.8267063492063,68.83706698229463,56.73672509597133,68.44280952380953,67.81701621617654,75.68477506095763,-30.58933582787649,15.375571146259524,3.020509021671678
2024-06-17 00:00:00,69.91,70.83,69.83,70.49,14773729,58.72031746031741,68.77613094075562,57.29642151955477,68.09809523809523,67.50482711078693,75.70011883259161,-29.09260991580917,15.816874771561695,2.9599619507689616
2024-06-14 00:00:00,70.91,71,69.32,70.06,11601130,58.612658730158685,68.70617710160279,56.21861309946177,67.71519047619049,67.13946083406569,75.70965368981007,-33.115060804490106,16.331820223020035,2.8360526705264135
2024-06-13 00:00:00,73.16,73.16,70.24,70.86,17109442,58.49841269841266,68.65091902411719,58.78165656684177,67.35414285714288,66.79720776002839,75.73104270420879,-25.631431244153376,16.86736349253671,2.71426030439234
2024-06-12 00:00:00,71.31,73.6,71,73.15,24435503,58.38154761904757,68.56075245367299,66.88714764861531,66.8967142857143,66.31129333055159,75.72742996046753,-4.209541627689324,17.284887735286187,2.5049073835174034
2024-06-11 00:00:00,68.6,69.6,67.76,69.59,12741160,58.25690476190472,68.37343622729229,58.65790604316778,66.18390476190476,65.46181777757965,75.65337868563523,-38.77176901924832,17.60143715851077,1.9060206583350563
2024-06-10 00:00:00,69.28,69.69,66.56,68.6,19168881,58.143412698412654,68.32378056310013,55.822851533604144,65.79314285714287,65.01873421335094,75.68384697591173,-47.84601283226399,18.090750353050154,1.6844141414747142
2024-06-07 00:00:00,68.9,69.71,68.11,69.31,13932603,58.03095238095234,68.31250630036952,58.494133463074,65.489,64.67072203490005,75.74344503284033,-41.338221814848694,18.599636075371116,1.5681781627098368
2024-06-06 00:00:00,67.45,69.69,67.33,68.9,25871476,57.91063492063488,68.27179227181317,57.4010652301848,65.11066666666667,64.1938105109632,75.78149178967561,-45.096241979834915,19.324160472076674,1.4180827726194267
2024-06-05 00:00:00,64.94,66.28,64.21,65.82,19513505,57.7969444444444,68.24615114005044,47.8143166239919,64.75947619047618,63.72973534265503,75.83131058039336,-73.32722273143906,20.08072387590378,1.1904657701924903
2024-06-04 00:00:00,64.06,65.19,63.7,64.55,12689227,57.696150793650745,68.34517771719536,42.8936328766038,64.72357142857143,63.64886117129383,75.97362961585517,-84.96791934005499,20.32633299407518,1.645217614785352
2024-06-03 00:00:00,64.78,64.96,62.94,63.79,14922214,57.597658730158685,68.5000829301421,39.7360338671357,64.8417619047619,63.74194616134939,76.15572356361028,-91.93400549954168,20.370561608212874,2.0943230409848437
2024-05-31 00:00:00,64.2,64.63,63.14,64.56,17322445,57.49722222222218,68.69233121300505,41.91650296749283,65.0582380952381,63.956984081442116,76.36299698115982,-84.87626031164064,20.3712958944675,2.1687187461724964
2024-05-30 00:00:00,64.79,65.41,63.72,64.12,12692547,57.39154761904758,68.8609977931277,40.17458207292825,65.22047619047619,64.0957040634675,76.54980451613784,-88.90925756186977,20.30818501733343,2.2055481744908683
2024-05-29 00:00:00,63.01,65.36,62.91,64.93,16987906,57.286150793650755,69.0545079071329,42.345432516863646,65.44209523809525,64.31711558127071,76.75219459079909,-81.48487626031155,20.31416100394386,2.171992403301633
2024-05-28 00:00:00,64.61,64.61,63.1,63.52,14213346,57.18107142857139,69.22285516864852,36.82778361849697,65.59295238095237,64.45745803820748,76.93277063319604,-96.0820895522388,20.311220274860663,2.1446594135200123
2024-05-24 00:00:00,63.78,64.76,63.62,64.26,10385892,57.07960317460313,69.45562476736887,38.629417003216204,65.89657142857143,64.81455586099392,77.15800634488197,-90.44465468306522,20.17211841654063,2.037885178315993
2024-05-23 00:00:00,65.56,65.8,63.25,63.6,20114981,56.975238095238055,69.66769108440434,36.03798071176974,66.15252380952381,65.11438081254421,77.3639541486929,-96.68874172185429,20.085969346274307,2.0174807929692924
2024-05-22 00:00:00,64.82,66.09,64.52,65.48,22562072,56.876269841269796,69.91535194499227,40.569092899147236,66.49852380952382,65.54395781039159,77.59241315617439,-85.84745762711863,19.99637431319733,1.9254872110715264
2024-05-21 00:00:00,64.13,64.65,63.81,63.97,16592548,56.771865079365035,70.09638671825726,34.41938846293151,66.68395238095239,65.76627370062914,77.7672298741407,-98.6440677966102,20.043967641867898,1.9345337939669094
2024-05-20 00:00:00,65.64,65.87,64.31,64.65,15864425,56.67349206349203,70.34644331900245,35.97608165750711,67.04571428571428,66.22722551479771,77.98951242923061,-93.6915887850467,19.846515791911386,1.8966055863041222
2024-05-17 00:00:00,66.5,66.64,65.52,65.67,15703320,56.57269841269838,70.57895120957397,38.394761747596384,67.36333333333334,66.64942027265357,78.19416355976112,-85.74766355140189,19.694146518171046,1.7712636732005782
2024-05-16 00:00:00,66.97,67.33,66,66.05,19923462,56.46226190476188,70.77931656506678,39.30899120237852,67.60061904761905,66.98165746790791,78.37055311373922,-82.78816199376952,19.666516038996093,1.7064796365617743
2024-05-15 00:00:00,66,66.66,65.22,66.62,16308711,56.34873015873014,70.97234989425317,40.657425155046376,67.8267142857143,67.30264832970073,78.53738607653983,-78.34890965732086,19.690687766422606,1.7642998611347231
2024-05-14 00:00:00,65.85,66.1,64.75,65.32,19462279,56.23571428571426,71.14999682871249,36.00860007773066,68.02385714285714,67.58486191455698,78.688720079017,-88.47352024922127,19.6072116046159,1.8701310114534766
2024-05-13 00:00:00,67,67.06,64.72,66.02,18983132,56.12908730158728,71.38795588294565,37.47653306846037,68.3867619047619,68.08206501490017,78.8806044013514,-83.25652841781879,19.42944778262774,2.053091510381356
2024-05-10 00:00:00,67.82,67.9,66.4,66.99,18924391,56.01956349206347,71.60705612306587,39.55120143424466,68.71814285714285,68.54052389643432,79.05353246958734,-78.36538461538468,19.24457340776005,2.122897724809181
2024-05-09 00:00:00,66.81,68.57,66.75,67.93,27965536,55.90765873015871,71.7955073933951,41.62474065184993,68.99661904761905,68.91861770091538,79.19895957669016,-71.90934065934064,19.21822370490981,2.38552174586609
2024-05-08 00:00:00,64.5,67.2,63.84,66.4,84219974,55.789642857142844,71.9532832053704,36.60116754056447,69.22485714285715,69.21183253480677,79.3172156568739,-82.94470353097933,19.22626012847726,2.699422669757369
2024-05-07 00:00:00,72.64,72.64,69.8,70.43,24427252,55.68023809523808,72.17994782599776,46.358816115189704,69.63666666666667,69.75182317122815,79.48220686489984,-64.81909160892988,19.027804861698026,2.6772063797921892
2024-05-06 00:00:00,71,73.82,70.83,71.51,25001918,55.55055555555555,72.2513742678752,49.65285307615583,69.68709523809525,69.79705944817943,79.52721608991686,-56.505003849114644,19.494849820414814,2.8430098047667722
2024-05-03 00:00:00,69.85,70.34,69.03,69.23,15557671,55.41555555555554,72.28163444207419,41.505041511401195,69.65142857142857,69.70279526786729,79.53875480645448,-74.0569668976135,20.122574764197687,2.9774191424789356
2024-05-02 00:00:00,68.4,69.04,67.63,68.57,18229306,55.29099206349205,72.40619094991395,38.8447818033807,69.87066666666666,69.91815905104035,79.61744320112373,-79.37595129375956,20.185083078565736,3.2157419050663876
2024-05-01 00:00:00,66.04,69.41,65.86,67.79,21276158,55.16380952380952,72.56277017235942,35.63230857852605,70.183,70.25201393739606,79.71577541678062,-86.52234636871505,19.994868069806554,3.221093719530681
2024-04-30 00:00:00,67.22,68.6,66.07,66.27,22707275,55.02472222222222,72.75757711817,28.871236644901586,70.61257142857143,70.733091809023,79.83774844551687,-98.6639946559786,19.797044460697006,3.2524444268887978
2024-04-29 00:00:00,68.5,68.66,67.2,67.4,21143373,54.88496031746031,73.02237618421776,31.128352947510407,71.23790476190477,71.478470486071,80.00613169372494,-98.55491329479766,19.431411503492676,3.0932465145862524
2024-04-26 00:00:00,69.97,70.15,68.7,69.05,16187639,54.73535714285714,73.25186092643074,34.81922004424649,71.7984761904762,72.14957039891152,80.14193951846306,-87.81542898341746,19.178616364009457,2.9194646769570625
2024-04-25 00:00:00,67.86,70.29,67.38,69.31,20545159,54.57912698412698,73.42336545404015,35.43396754023783,72.2397142857143,72.66625141513516,80.22881651917369,-85.94087959625088,19.09601599216379,2.8556016879109736
2024-04-24 00:00:00,70.15,70.22,67.36,69.36,27515596,54.421507936507936,73.59125792155199,35.546035346641034,72.69809523809523,73.20359440078367,80.30766857402605,-85.5803893294881,19.010111605444294,2.8257071681262373
2024-04-23 00:00:00,70.02,71.14,69.62,70.8,16814207,54.26801587301586,73.7639623265133,38.83031232721407,73.19242857142858,73.79219396273977,80.3846491033316,-81.16731517509727,18.90803423091367,2.717466605130595
2024-04-22 00:00:00,70.48,70.89,68.48,68.98,26804899,54.109404761904756,73.88494038065669,31.390594256644192,73.59061904761904,74.24507791421284,80.41779447286987,-95.33073929961084,19.080383449088675,2.7706892644250085
2024-04-19 00:00:00,71.15,71.15,68.38,69.2,23185965,53.960674603174596,74.08514202884676,31.82506052409414,74.21571428571428,74.99723150007341,80.50449861613149,-93.61867704280151,19.215933397304045,2.6338778920063857
2024-04-18 00:00:00,72.26,72.86,70.64,71.3,20425974,53.81321428571429,74.28453558104458,36.27525429603429,74.87247619047619,75.7977435928341,80.58431701767304,-93.76770538243629,19.35690534344803,2.3932434059242707
2024-04-17 00:00:00,75,75.61,71.04,71.94,15363128,53.65619047619048,74.40635335986272,37.76987583418369,75.36419047619047,76.39144293501207,80.60041065286114,-91.16781157998045,19.795433108136802,2.183218037668249
2024-04-16 00:00:00,73.39,74.7,72.7,74.13,14513119,53.49801587301587,74.50702084393875,43.459520714202945,75.81942857142857,76.95736362002157,80.59550190901841,-83.23563892145378,20.30628898496631,1.9226414122243385
2024-04-15 00:00:00,76.38,76.68,72.88,73.4,16093430,53.32876984126985,74.5224094498138,40.69429799423939,76.07357142857143,77.27810122265419,80.52242236299122,-94.28571428571418,21.07354773555031,1.8458068019161697
2024-04-12 00:00:00,75.05,75.82,74.49,75.28,11590774,53.16226190476191,74.56822208041844,46.084089253382814,76.40995238095238,77.73032052258205,80.46783071340647,-77.45664739884391,21.89783494144321,1.684703534750254
2024-04-11 00:00:00,74.8,76.56,74.71,76.18,13653565,52.98492063492064,74.53916992043551,48.96707520418431,76.57857142857142,77.9671593634148,80.353398418626,-67.05202312138721,22.550522112746684,1.6472719113734686
2024-04-10 00:00:00,74.4,75.31,73.54,74.35,12533910,52.80611111111111,74.47219726412676,42.13181101748722,76.67133333333334,78.10087338075917,80.20746243221065,-88.20809248554919,23.19533388691191,1.65434095639321
2024-04-09 00:00:00,74.77,75.5,73.33,75.14,13766815,52.637023809523804,74.4771849075605,44.5222244382039,76.9572857142857,78.4969443405034,80.11169711429618,-79.45516458569804,24.038041726600117,1.540226850174999
2024-04-08 00:00:00,76.7,76.86,73.95,75.03,22867563,52.462579365079364,74.45013123031806,44.112246531181455,77.17909523809524,78.82084019657024,79.98811410056943,-83.84433962264146,24.914457879875854,1.4541867142839666
2024-04-05 00:00:00,75.34,78.4,74.92,77.16,21572026,52.28833333333334,74.42646311726982,50.87184929835102,77.42885714285713,79.18861731535019,79.86328469809075,-58.72641509433964,25.73793356284242,1.3635683884572862
2024-04-04 00:00:00,77.24,77.67,74.48,74.92,17191332,52.10670634920636,74.31489018328082,42.22669044975299,77.48647619047618,79.29529905362145,79.66964280184291,-85.14150943396221,26.45459006849667,1.4103102495550401
2024-04-03 00:00:00,76.84,78.85,76.54,76.81,19883084,51.93424603174604,74.29019182341473,48.97952722151609,77.77514285714287,79.7160124356241,79.53756075485857,-62.85377358490562,27.291488514609906,1.2601424522648221
2024-04-02 00:00:00,75.66,77.33,74.97,76.98,15838768,51.755238095238106,74.18734251008472,49.64259220369025,77.89466666666667,79.91325561084648,79.34375467131527,-60.84905660377352,27.856829976723084,1.2548844568325803
2024-04-01 00:00:00,77,77.78,76,76.4,12201773,51.573531746031755,74.07335649008817,47.38608615557303,78.01857142857142,80.10043476535937,79.13884037973557,-67.68867924528293,28.632496856613443,1.4115519827480674
2024-03-28 00:00:00,77.9,78.05,76.9,76.99,13421916,51.39285714285716,73.97839144886727,49.48041968155852,78.2197619047619,80.37948045908757,78.94520903497138,-60.73113207547174,29.28085464716721,1.4628153506167487
2024-03-27 00:00:00,78.96,79,76.85,78.11,13156953,51.206666666666685,73.85546865086185,53.66098458060808,78.37671428571429,80.59803573832238,78.72781318456718,-47.52358490566037,29.812899856676644,1.4342022172622664
2024-03-26 00:00:00,79.8,80.18,77.78,77.91,12438286,51.0182142857143,73.6818143100807,53.002564534144376,78.42519047619048,80.67613262344888,78.47019664965228,-49.88207547169814,30.366226874566454,1.4435577577637828
2024-03-25 00:00:00,79.99,81.04,79.39,79.41,10254259,50.831071428571434,73.50923530232888,58.823364639529885,78.49671428571429,80.78075399813703,78.21135298731531,-32.193396226415125,30.79712028094085,1.4345100208782093
2024-03-22 00:00:00,79.8,80.45,79.2,80.23,8872408,50.63968253968256,73.26838776364842,62.296209085513794,78.42038095238095,80.67975295780738,77.90000700362135,-22.523584905660325,30.983528805018175,1.4253219811677644
2024-03-21 00:00:00,79.6,81.23,79.09,80.25,16191090,50.44638888888891,72.98424032543,62.37961745586445,78.25628571428571,80.44519765270866,77.55561176472338,-22.2877358490566,31.23547055340191,1.3777231216757595
2024-03-20 00:00:00,77.09,78.95,76.75,78.64,11490382,50.258333333333354,72.6876787060598,58.195731456784614,78.07971428571429,80.17339213688145,77.20163302033151,-22.683084899546326,31.497489971720995,1.321088187820934
2024-03-19 00:00:00,75.38,77.18,74.19,77.08,13035194,50.07297619047622,72.44472681651122,53.547594897205194,78.04599999999999,80.0852367632102,76.88703560389064,-32.793259883344135,31.997551626463785,1.3861796420377848
2024-03-18 00:00:00,77,77,73.66,75.7,18936712,49.893214285714315,72.25553199269535,48.878512516044864,78.15857142857145,80.19280125649098,76.61111601633223,-41.73687621516523,32.71122853968458,1.4107891408711655
2024-03-15 00:00:00,77,77.84,75.77,76.07,24554947,49.72269841269844,72.11494146178495,50.13305524793555,78.41547619047621,80.49125342416855,76.36923444232048,-39.33895009721325,33.47363387136408,1.2825243662402683
2024-03-14 00:00:00,78.34,78.48,76.9,77.65,12737226,49.547698412698445,71.95351050104148,55.8134282779721,78.6624761904762,80.75846807273155,76.10931857726365,-29.09915748541797,33.944016170485966,1.3232546051308496
2024-03-13 00:00:00,78,79.69,77.93,78.25,12065099,49.367976190476234,71.72100072557377,58.136212675878035,78.76614285714285,80.82358032597543,75.79452860052992,-25.21062864549578,34.24860657761388,1.3060829797528186
2024-03-12 00:00:00,78.01,78.48,77.48,78.32,11303824,49.179761904761946,71.45451095927066,58.39950699446853,78.76857142857143,80.80013033080716,75.45331559493448,-24.756966947504896,34.3916743372132,2.4962401226644855
2024-03-11 00:00:00,78.7,78.89,76.53,77.47,13781394,48.99242063492068,71.1742869167919,56.16081999865009,78.7205238095238,80.75155010883341,75.10113842379693,-29.87843889955216,34.65249506039743,3.1954146444553952
2024-03-08 00:00:00,79.94,81.98,78.21,78.7,16414858,48.81325396825401,70.91731903584463,60.53832664081668,78.72219047619048,80.80171444444326,74.76552731690916,-20.785498489425972,34.92374861250902,3.532905143079843
2024-03-07 00:00:00,79.4,80.08,78.26,79.41,13873312,48.63591269841274,70.59965858832807,63.17785799182842,78.57295238095237,80.67353497802623,74.38411442404455,-15.789473684210545,34.92609402445778,3.7429254601180615
2024-03-06 00:00:00,80.17,80.99,78.53,78.64,13734710,48.45626984126987,70.24005281642309,61.48681951099785,78.31438095238096,80.41974828701686,73.97166918966693,-20.242914979757078,35.09329878275174,3.957255993741118
2024-03-05 00:00:00,80.83,80.85,77.43,79.09,19761584,48.27865079365082,69.89719782933832,63.05835496786732,78.09023809523809,80.23115375288123,73.5722058096095,-17.640254482359722,35.22160620814107,4.152274406876309
2024-03-04 00:00:00,81.94,82.14,80.79,81.3,15989175,48.10198412698415,69.52198141420926,71.37793081312259,77.77514285714285,79.94601229947355,73.14921832774027,-4.858299595141719,35.36693806658722,4.388088735429128
2024-03-01 00:00:00,79.5,81.47,79.32,81.03,18528745,47.91305555555559,69.04124596172801,70.94302444838443,77.18657142857143,79.31128580016002,72.64918481560812,-4.573002754820927,34.928528788554246,4.5020450908448275
2024-02-29 00:00:00,78.35,79.68,77.93,79.5,19405546,47.72242063492066,68.5519090622067,68.41792567540597,76.55561904761906,78.6326920914312,72.14534840012354,-12.660944206008582,34.51970166387477,4.640084589746183
2024-02-28 00:00:00,78.6,78.66,77.42,77.73,11853130,47.5389285714286,68.10504820760289,65.16610033027186,76.00261904761905,78.07970835486269,71.67564580172083,-22.156652360514997,34.22561088330359,4.888620741067976
2024-02-27 00:00:00,78.64,79.75,77.81,78.75,13707348,47.36361111111113,67.71219303240301,68.96592305517834,75.56633333333333,77.69871405728622,71.24802290301395,-16.684549356223172,33.99845010027241,5.013580457118446
2024-02-26 00:00:00,78.28,78.5,77.3,78.36,16617286,47.18365079365083,67.26167029903169,68.30986010698211,74.97685714285714,77.1228158691767,70.77922635000249,-18.776824034334762,33.69169219195451,5.0123771556019205
2024-02-23 00:00:00,78.5,78.97,77.72,78.2,15648826,47.00948412698415,66.80867725001256,68.05257584657271,74.36338095238095,76.52627672262503,70.31095980523088,-19.635193133047192,33.46692808715174,5.0505923167486015
2024-02-22 00:00:00,79.59,79.72,77.51,78.03,16766442,46.83623015873018,66.34372530103349,67.79461019812038,73.70704761904761,75.87540962782518,69.83632083697904,-18.979187314172442,33.15947951567784,4.991488029636052
2024-02-21 00:00:00,76.32,77.49,75.88,76.44,15102053,46.66230158730161,65.86673449699404,65.36579318977351,72.99895238095237,75.16617667109043,69.35550453552712,-26.858275520317154,32.839733001344975,4.999593483474431
2024-02-20 00:00:00,78.23,78.42,75.82,76.6,23816359,46.49694444444448,65.43517263972849,65.82969520019631,72.38457142857143,74.58867657821708,68.91122302391327,-26.06541129831519,32.670618427302855,4.988915613637898
2024-02-16 00:00:00,80.55,80.88,78.11,78.41,24457475,46.33670634920637,64.97946540053374,71.1326591157293,71.69757142857144,73.91551094734413,68.4514696088859,-17.096134786917755,32.49473927029906,4.880588361048287
2024-02-15 00:00:00,79,81.86,78.28,81.39,40330151,46.16932539682542,64.43128031484125,81.12335493692804,70.77485714285714,72.90940605429029,67.92620497632745,-2.1779425393883174,31.924924251735227,4.496794719575268
2024-02-14 00:00:00,74.6,79.2,74.31,79.15,69846652,45.98615079365081,63.73908767463068,79.07168221326953,69.48971428571427,71.37487046993607,67.2988575131646,-0.24096385542167306,31.30260087541672,3.500431973342721
2024-02-13 00:00:00,67.9,69.55,66.71,68.99,22857142,45.804761904761925,63.11007084502377,61.40347483691548,68.34157142857143,69.9779760841523,66.72478834494771,-26.710526315789494,30.82858323304295,2.5334768106300096
2024-02-12 00:00:00,71,71.38,68.74,69.12,19554941,45.66710317460319,62.870073736657396,62.025623636287555,68.13561904761906,69.82676632306456,66.44389548424289,-24.826279216677154,31.253606975803958,2.6001536012320514
2024-02-09 00:00:00,71.43,72.04,69.69,70.91,20858737,45.53523809523811,62.61497470550055,71.2566920885788,67.88909523809524,69.63206995481534,66.15185037655279,-13.518635502210996,31.268084718561656,2.6586355052921418
2024-02-08 00:00:00,71.93,73.05,71.19,71.61,21618176,45.40000000000001,62.276402244500574,75.32763973538894,67.43666666666668,69.16026081128769,65.79838873227976,-9.096651926721401,31.06491407209933,2.537722354789823
2024-02-07 00:00:00,67.6,71.9,67.24,70.65,43366951,45.254325396825415,61.895439070806724,73.39177853233413,66.8737619047619,68.53290096565719,65.41515130833704,-8.514986376021795,30.485174647289945,2.3336612329127813
2024-02-06 00:00:00,69.06,70.68,68.44,70.47,34596121,45.10849206349208,61.53811005328863,73.02325119022677,66.353,67.96307407444017,65.0516049862783,-1.560178306092183,29.996378794127505,2.3260537397059426
2024-02-05 00:00:00,68.24,69.99,67.86,68.99,26079529,44.96015873015874,61.17354311668816,69.83328224465257,65.79480952380952,67.34954739339699,64.68464520793898,-7.830853563038373,29.61747690138477,2.364049280366211
2024-02-02 00:00:00,66.98,68.25,66.51,68.07,18671765,44.817539682539696,60.85450406022645,67.62339790893446,65.3232380952381,66.86745782139212,64.3534153394686,-1.6319129646419475,29.300147150872476,2.6026799169317774
2024-02-01 00:00:00,66.12,66.85,65.59,66.73,12504225,44.67238095238096,60.55999402186835,64.06284481522282,64.89038095238097,66.45357207825033,64.04176546558205,-9.169054441260686,29.178042975623118,2.764697994356708
2024-01-31 00:00:00,65.7,66.25,64.85,65.27,17026414,44.53031746031747,60.308157043169096,59.56380478905286,64.54476190476188,66.17314581490638,63.762766473185444,-23.11365807067815,29.237293052747553,2.8881584097829545
2024-01-30 00:00:00,66.9,67.69,66.22,66.84,17562145,44.38888888888889,60.105632840849466,68.07355263028886,64.30538095238096,66.05673413555661,63.520705515142254,-8.118433619866233,29.383336457896974,3.016942616292196
2024-01-29 00:00:00,65.6,67.1,65.56,66.98,15902036,44.244126984127,59.830760711904546,68.88849074389749,63.89138095238095,65.70341836814,63.224978918090606,-1.2145748987853278,29.191229812929034,2.8756131520077592
2024-01-26 00:00:00,65.65,66.05,65.29,65.52,13099618,44.09746031746033,59.538955026676156,64.80887243094915,63.4457619047619,65.2857844490438,62.91763176589753,-6.002265005662529,29.068266155380197,2.6919433500725822
2024-01-25 00:00:00,64.28,66.03,63.71,66,21962965,43.95765873015875,59.29483074205069,67.51145919857052,63.12852380952382,65.01799689369585,62.646683561538985,-0.34052213393871883,29.08280055691674,2.600738164444856
2024-01-24 00:00:00,64,64.4,63.22,63.76,17238147,43.81452380952383,59.02115036417521,60.34579352164521,62.746428571428574,64.64818021323906,62.354386206581125,-22.050059594755677,29.100664449241012,2.4493746140596784
2024-01-23 00:00:00,64.5,64.81,63.69,64.32,13619608,43.682658730158764,58.827727930059915,63.602320040454394,62.567904761904764,64.54099049769573,62.12233097081044,-15.375446960667535,29.352415797197132,2.415738965616939
2024-01-22 00:00:00,65.44,65.61,64.15,64.55,17851716,43.547896825396855,58.60355355985828,64.93881429767086,62.32242857142857,64.33755021395265,61.8673184868342,-12.634088200238406,29.500409373845063,2.3511824152966097
2024-01-19 00:00:00,64.9,65.39,64.41,65.11,20339427,43.40694444444448,58.36084146026065,68.17782817957051,62.03661904761904,64.07327397907406,61.59884490882486,-3.427172582619352,29.54227597545239,2.270012995557514
2024-01-18 00:00:00,64,65,63.39,64.88,24149938,43.26349206349209,58.08536560149577,67.56075840756554,61.6832380952381,63.69631493313514,61.3066993647092,-1.5424164524422177,29.522801271707024,2.1243527837908656
2024-01-17 00:00:00,62.95,63.42,61.68,63.12,19971592,43.12190476190479,57.80803358523029,62.37681623421555,61.33676190476191,63.30401659439574,61.01423554527571,-23.376623376623424,29.552947509267884,1.9717596202377208
2024-01-16 00:00:00,63,64,62.92,63.65,19511781,42.98825396825399,57.5912186295254,65.29454470041105,61.15190476190475,63.105996653960375,60.76758977470388,-16.493506493506526,29.799243904092062,1.930445285419921
2024-01-12 00:00:00,63.2,64.92,63,63.2,26374740,42.850873015873034,57.34392143073051,63.96565078752469,60.911095238095236,62.80668494245711,60.498649951428135,-22.337662337662316,29.757441842330454,1.872237364759074
2024-01-11 00:00:00,62.99,63.61,61.86,63.47,28888928,42.71257936507938,57.10489781565828,65.3599987554918,60.70728571428572,62.53074523434242,60.236524835239045,-2.1909233176838896,29.694295018899115,1.8224927983396808
2024-01-10 00:00:00,60.28,62.61,60.28,62.41,30788925,42.57198412698415,56.84509772650147,62.369663620692336,60.474190476190486,62.181374199341725,59.95965356056139,-17.749603803486593,29.80139692439438,1.779732774885039
2024-01-09 00:00:00,58.5,60.54,58.45,60.3,22319853,42.433055555555576,56.61795885819541,55.22524116886041,60.34228571428571,61.93448827611576,59.707850525798555,-44.36813186813192,30.054101862541582,1.7817140623568084
2024-01-08 00:00:00,58.09,59.16,57.85,59.01,21213042,42.29853174603176,56.46767146465236,49.81627182731652,60.418000000000006,61.945671004623954,59.51328926052813,-56.50000000000004,30.64325309138655,1.77935522029751
2024-01-05 00:00:00,58.11,58.51,57.22,57.58,17886260,42.16575396825399,56.36390295300552,42.68979513193961,60.62595238095239,62.12855319021001,59.352406465914264,-74.37500000000003,31.504449401849328,1.7145561378969196
2024-01-04 00:00:00,58.25,58.99,57.73,57.8,20370664,42.04007936507937,56.31426633884248,43.573768183991284,60.98042857142857,62.51993912075384,59.230106134890065,-71.62500000000006,32.525036655251256,1.5424804698925687
2024-01-03 00:00:00,57.48,58.9,57.33,58.25,31800559,41.91134920634923,56.25362414859115,45.35766954698323,61.314761904761895,62.9133304676856,59.097418753751185,-64.07766990291262,33.473595553754244,1.5235106661917401
2024-01-02 00:00:00,60.73,60.91,57.93,58.38,41978581,41.77833333333335,56.17213941996222,45.86133078263539,61.608047619047625,63.27646454917272,58.947201995754774,-60.87470449172575,34.4766465756592,1.4871599611339725
2023-12-29 00:00:00,62.36,63.14,61.3,61.57,21615424,41.64551587301589,56.08202266159333,61.39544973187677,61.884047619047614,63.64957512481177,58.7887535974305,-22.870478413068852,35.38993363099275,1.6018227117880428
2023-12-28 00:00:00,63.45,63.53,62.84,63.14,13795595,41.49876984126985,55.85802358655632,72.63993888123792,61.831523809523794,63.61086045500187,58.529649834368136,-4.045643153526977,35.47782779120751,1.9219138248110912
2023-12-27 00:00:00,62,63.43,62,63.28,20805951,41.34503968253969,55.56080005947698,73.75849895780924,61.597380952380966,63.34036314286475,58.21671532406145,-2.558853633572159,35.07554518548784,2.1027773895493547
2023-12-26 00:00:00,61.71,62.2,61.31,61.98,16077192,41.19170634920635,55.245730674149506,69.7408583810289,61.31623809523809,63.01100598527231,57.89199404327991,-15.86489252814743,34.669849570814186,2.2268399134199113
2023-12-22 00:00:00,61.7,62.24,61.28,61.71,14715609,41.043531746031746,54.9708625384005,68.82021539839778,61.13071428571429,62.81524349729679,57.598680266649566,-17.533718689788053,34.409891422443586,2.3760336697951057
2023-12-21 00:00:00,61.24,61.76,60.83,61.46,19999593,40.89928571428572,54.69579570323317,67.9826641386653,60.94047619047619,62.62481695159683,57.306365006169905,-19.942196531791907,34.13953494813816,2.55202248226774
2023-12-20 00:00:00,61.49,62.28,60.62,60.68,28286061,40.75444444444443,54.41970573193657,65.28070286032816,60.74504761904762,62.437350627905914,57.014478267438164,-25.583482944344716,33.92284046322305,2.685195709813345
2023-12-19 00:00:00,61.88,62.7,61.69,62.12,26813795,40.61265873015872,54.16418351691357,76.3222015263614,60.59614285714286,62.326072935184655,56.73902151907662,-11.007025761124149,33.69747819891132,2.843092110713263
2023-12-18 00:00:00,62.01,62.49,61.33,61.73,28614030,40.469206349206324,53.839456313522284,75.27028887743572,60.275,61.99246751967232,56.413403338370244,-13.206162876008834,33.12901185600827,2.906827480260911
2023-12-15 00:00:00,62.16,63.53,61.41,61.86,364261230,40.328373015873,53.51739330591094,76.31975735983292,59.95628571428571,61.665660534671076,56.09180330091318,-11.509303928325307,32.56160857532347,2.9664983987860167
2023-12-14 00:00:00,62.01,62.81,60.61,62.5,44818142,40.191904761904745,53.176878746968534,81.51537632955336,59.5897619047619,61.27459733047978,55.758639193136716,-3.7508846426043947,31.946749234055194,2.973700178229137
2023-12-13 00:00:00,62.71,62.88,61.45,61.97,41661681,40.05095238095236,52.79634318562031,80.49426313939841,59.120666666666665,60.74224283755498,55.398316913072705,-6.48318042813457,31.385884632282835,2.923756958093473
2023-12-12 00:00:00,62.07,63.03,61.83,62.72,27144311,39.91230158730156,52.42190821360481,86.79448923509747,58.66352380952381,60.21539189932557,55.04558303844082,-1.896024464831818,30.544503773186285,2.8462571914709325
2023-12-11 00:00:00,61.53,62.99,60.94,62.46,30389677,39.76876984126981,52.00157793660908,86.4531736082906,58.085047619047614,59.51826310118552,54.66201514086718,-3.2396088019559977,29.54994674883425,2.7389275273362013
2023-12-08 00:00:00,60.51,62.25,60.51,61.7,28852116,39.62587301587298,51.57470356667475,85.43109717039454,57.47952380952381,58.77275319938133,54.27746329471461,-3.235294117647042,28.51915361110876,2.6074654360125273
2023-12-07 00:00:00,59.67,61,59.53,60.98,34410194,39.48579365079363,51.161426161232896,84.39540029861986,56.89090476190477,58.04323354607413,53.90700286325399,-0.11055831951356065,27.51265232862348,2.5930724536734413
2023-12-06 00:00:00,58.37,59.98,58.36,59.75,33834959,39.3506349206349,50.76066804536485,82.41200086419573,56.316190476190485,57.32632353297957,53.54973099768015,-6.25000000000001,26.583203238781003,2.591411729154594
2023-12-05 00:00:00,58.01,58.66,57.7,57.97,39170598,39.22345238095236,50.39375653701239,78.78919651441132,55.8118095238095,56.694152526183174,53.2213087742137,-15.600211528291922,25.719565926471525,2.5656313063259897
2023-12-04 00:00:00,60.01,60.92,58.57,58.63,85417307,39.10749999999998,50.08452210995167,84.80344235232955,55.430142857142854,56.23183035301303,52.9389173093282,-11.381709741550688,24.96562029423882,2.7777884638683346
2023-12-01 00:00:00,56.67,57.865,56.25,57.35,28539897,38.98730158730157,49.73572709403133,82.38149363477274,54.93380952380952,55.620773361540316,52.62993047073868,-2.897327707454293,23.91476932110048,2.874135130782824
2023-11-30 00:00:00,56.61,56.77,55.53,56.38,32709812,38.87535714285712,49.42494044480812,80.15600193713064,54.50761904761905,55.113390647804955,52.35231959551273,-4.401408450704226,23.18172159227235,3.098316478347556
2023-11-29 00:00:00,56.49,57.13,56.145,56.4,23496211,38.76178571428569,49.14106046296355,80.35032220094183,54.114047619047625,54.67804183628188,52.097383942635645,-4.28403755868547,22.576219787473526,3.561201868751616
2023-11-28 00:00:00,55.98,56.45,55.69,56.21,20457495,38.64813492063491,48.8447772165539,79.92091948456354,53.65609523809524,54.185910593453336,51.83574333974941,-1.4970974641001988,21.735902896176654,3.925616225511608
2023-11-27 00:00:00,55.47,56.455,55.29,56.06,19101870,38.53817460317458,48.54415587845406,79.59401575478905,53.15204761904762,53.66029612647113,51.5736065088742,-2.4136877482431784,20.95714492508551,4.220896676063038
2023-11-24 00:00:00,55.15,55.9363,55.07,55.32,10696821,38.42996031746031,48.23738673063586,77.94944993633933,52.591666666666676,53.09249982768898,51.309769799130684,-3.8892359730662838,20.147236635150726,4.542715487459016
2023-11-22 00:00:00,55.1,55.82,54.96,55.37,18467671,38.321865079365075,47.94830047474345,78.3456020119047,52.03176190476189,52.55986933727234,51.062000442080844,-2.8607755880483343,19.37702642099292,4.831030842377226
2023-11-21 00:00:00,54.23,55.08,53.89,54.85,34115507,38.21424603174603,47.64537396350848,77.22796877837371,51.405095238095235,51.95747055173194,50.80681494241161,-3.3082214215525427,18.592133726551065,4.865338631585679
2023-11-20 00:00:00,53.83,55.355,53.76,54.75,28529194,38.111507936507934,47.35130759467209,77.0161384385269,50.77719047619048,51.357072079542576,50.56126178735093,-3.963314772355042,17.87937626012971,4.754918611290839
2023-11-17 00:00:00,54.13,54.51,54.01,54.44,16122436,38.0088492063492,47.049320149556664,76.38376433489965,50.10304761904761,50.70141070012266,50.31288346470325,-0.4854368932038856,17.138108495051505,4.638894561207444
2023-11-16 00:00:00,53.5,54.51,53.15,54.42,20810849,37.91202380952381,46.74765974749775,76.34477356526511,49.4037619047619,50.01420947726529,50.0679664532863,-0.6241331484049676,16.486473163383287,4.473158699398
2023-11-15 00:00:00,53.92,54.26,53.16,53.76,22419701,37.8213492063492,46.43450300249766,75.08423964927884,48.650666666666666,49.25276213710481,49.817848470682854,-3.867791842475417,15.808772418448344,4.2360475386850895
2023-11-14 00:00:00,52.9,54.31,52.39,53.88,30621855,37.723373015873,46.13550312504858,75.76587751889907,47.909190476190474,48.498277068802004,49.58173315140481,-3.0239099859353007,15.13856606011054,3.955404498910321
2023-11-13 00:00:00,51.17,52.42,50.72,52.24,21026866,37.62523809523808,45.819401211785255,72.61037174044561,47.11104761904762,47.64461088697774,49.33639647685874,-1.459854014598538,14.441551447439224,3.5244680095015766
2023-11-10 00:00:00,50.01,52.1,49.9,51.58,27238617,37.53242063492061,45.55733595512343,71.20947315206921,46.433238095238096,46.92500132183978,49.13472965199368,-4.32972522897588,13.98613360117996,3.1685282072280816
2023-11-09 00:00:00,49.3,50.68,49.02,50.05,29962340,37.43309523809522,45.311512932883566,67.64749469282384,45.77971428571429,46.21902653303487,48.94807463903193,-5.949008498583595,13.5615505207909,2.815293235171072
2023-11-08 00:00:00,50.04,50.3,48.9,49.5,37726705,37.34337301587299,45.118105297491056,66.2538485970518,45.25238095238095,45.64885069691875,48.80297337826624,-7.8354554358471855,13.34888582414056,2.5569964802478715
2023-11-07 00:00:00,47,50.04,46.68,49.92,81365358,37.25682539682536,44.93925245249069,68.3413662644269,44.76380952380952,45.09411302593744,48.67072146167542,-1.2060301507537436,13.192346415703883,2.345310214022871
2023-11-06 00:00:00,47.94,48.3,47.43,48.14,27839095,37.17138888888886,44.735956634225005,63.86020277538651,44.21957142857142,44.423245779900846,48.52233626340568,-1.9488428745432,13.073489182127641,2.046625209949297
2023-11-03 00:00:00,46.92,48.15,46.63,47.75,21960652,37.09436507936505,44.59701608868316,62.78859816636424,43.832047619047614,43.9283154510533,48.42382964839744,-4.962779156327528,13.26317561024365,1.86386936237495
2023-11-02 00:00:00,45.35,46.86,45.25,46.48,25816850,37.019206349206314,44.468322867813086,59.12357987827637,43.47228571428572,43.43658975803702,48.33430026134502,-11.064718162839279,13.489067002552007,1.7127722411342388
2023-11-01 00:00:00,43.25,44,42.91,43.83,18989315,36.952817460317426,44.38621359711158,49.48322004733172,43.22457142857144,43.07038910402894,48.28046349478554,-47.94711203897011,13.978939421764231,1.621970714902092
2023-10-31 00:00:00,42.82,43.53,42.2,43.28,18414020,36.88432539682535,44.40891619291205,47.07780298203584,43.23452380952382,43.033670453710414,48.30464652303633,-55.60194850382742,13.906622585074071,1.638253567064636
2023-10-30 00:00:00,42.01,43,42.01,42.73,21316682,36.82170634920631,44.45499440486765,44.629598332134606,43.302714285714295,43.07136212461298,48.34510030493526,-63.25678496868483,13.70168434543126,1.635614257702593
2023-10-27 00:00:00,41.21,42.145,40.8,41.23,17098580,36.762539682539646,44.525402339760205,37.28198978026946,43.437333333333335,43.191286318713935,48.402145943399454,-84.13361169102305,13.339415917255032,1.6477659876329538
2023-10-26 00:00:00,42.14,42.3,40.09,40.62,23465460,36.7108333333333,44.6599085577096,33.97341411765153,43.737476190476194,43.53302473162258,48.50475309139718,-92.62352122477391,12.7118988063316,1.550658811602347
2023-10-25 00:00:00,43.3,43.49,42.065,42.35,16495882,36.662182539682505,44.82480278455489,39.45465127549077,44.12200000000001,43.99670905490287,48.6269951720086,-94.79452054794514,12.059281010971233,1.332493433379693
2023-10-24 00:00:00,43.5,44.325,43.385,44.19,17566478,36.603849206349174,44.925815143108146,46.932980322821784,44.35504761904762,44.2718740946802,48.698702774139015,-64.00359066427296,11.728080196420224,1.2253534184062989
2023-10-23 00:00:00,42.53,43.97,42.25,43.04,11277093,36.53968253968251,44.955848414255414,40.373982304557416,44.4132380952381,44.32336768189458,48.715530853540194,-84.64991023339323,11.65570898177153,1.2234945851943937
2023-10-20 00:00:00,42.72,43.3501,42.26,42.96,13966105,36.4794841269841,45.034046308714814,39.89409706616219,44.58985714285715,44.5401951094635,48.766517709753806,-87.70816812053927,11.47790003637937,1.1548743438140798
2023-10-19 00:00:00,43.02,43.27,42.185,42.72,16089978,36.41825396825394,45.11870126009092,38.51560892634136,44.781,44.79186024318034,48.820082950793434,-91.7818740399386,11.109980378114217,1.0738254048028488
2023-10-18 00:00:00,43.9,44.2,42.91,43,15387992,36.35829365079363,45.216607433972186,39.496930531645695,45.00395238095238,45.10382546616388,48.881094507045916,-94.99582985821522,10.703595170108429,0.9479182454199315
2023-10-17 00:00:00,44.41,45.26,44.05,44.38,17337780,36.290595238095214,45.30708120678737,44.71030059302298,45.21714285714287,45.410345415536696,48.93401543614413,-74.10644102279556,10.421831780380387,0.8749358547916533
2023-10-16 00:00:00,43.765,45,43.465,44.71,20447112,36.212539682539656,45.344921256043996,46.060295395493306,45.31419047619048,45.55879284679129,48.945508521400875,-69.02020622370186,10.367465816604803,0.9896357915920391
2023-10-13 00:00:00,45.82,46.29,42.7,43.48,28215656,36.13432539682537,45.37083640935192,39.76558600848212,45.38838095238095,45.67729797170034,48.94639107877315,-87.97799047486946,10.238645998995342,1.0046188331899826
2023-10-12 00:00:00,46.54,47.04,45.6,45.95,15983613,36.064880952380925,45.448013405652,50.82563635867195,45.598952380952376,45.97776673882375,48.9834795065509,-58.46951120420353,10.104673388681503,0.9863564264503992
2023-10-11 00:00:00,46.9,47.21,46.265,46.64,12985479,35.9803968253968,45.4275241569031,54.77767092041711,45.58557142857143,45.968538936505446,48.945938964459266,-46.010364565464656,10.360901466091194,1.1406510202511553
2023-10-10 00:00:00,45.75,47.275,45.55,46.63,14538614,35.90456349206347,45.378035346980774,54.7303000078323,45.51371428571428,45.8627338547291,48.88593045104016,-46.19093190805504,10.43597053737195,1.239784154601115
2023-10-09 00:00:00,45.15,45.6,44.58,45.45,11422320,35.830912698412675,45.32693474889835,48.860663026235365,45.44895238095238,45.74690791060783,48.82410560836482,-67.49787833372449,10.514042371503937,1.3084914978707356
2023-10-06 00:00:00,44.06,45.945,44.06,45.78,14380568,35.76853174603173,45.321911677424815,50.563154865713145,45.51319047619048,45.78151389878504,48.795703549235846,-61.53915602824068,10.833231931524548,1.4547180998392784
2023-10-05 00:00:00,44.84,44.93,43.65,44.61,14518798,35.70265873015871,45.303214194870726,44.157262763373424,45.55295238095239,45.773963719288204,48.75586781528946,-82.66553511131976,11.16518907394598,1.4721272872954978
2023-10-04 00:00:00,44.79,45.485,44.18,44.94,12476109,35.641468253968235,45.33150865180422,45.708466777391294,45.71204761904762,45.92674424559782,48.74959183243445,-80.79154067058447,11.213757639583575,1.4263676770033737
2023-10-03 00:00:00,45.36,45.605,44.325,44.51,11006033,35.56916666666664,45.34748859677582,43.29838350662737,45.84428571428571,46.049544612781105,48.73232191783264,-85.39639656085144,11.400013184456203,1.3962853397497235
2023-10-02 00:00:00,45.57,46.29,45.1016,45.68,14976706,35.49769841269839,45.38167180480749,48.768152255440356,46.02719047619047,46.243900111487406,48.72674727694195,-57.43357181447584,11.631144936079554,1.3327845849948896
2023-09-29 00:00:00,46.75,46.92,45.85,45.99,14247042,35.42126984126981,45.369495143779226,50.332513507433916,46.10514285714286,46.29636150721965,48.68485812579757,-52.358343838509455,12.076774816649817,1.3274421832983911
2023-09-28 00:00:00,44.92,46.58,44.92,46.14,22199170,35.350039682539666,45.344168414953884,51.06854967469453,46.159476190476184,46.31061829113143,48.63184971482324,-49.90258836626771,12.368290154171207,1.3311967360236427
2023-09-27 00:00:00,44.51,45.4725,44.44,45.14,16835053,35.27634920634919,45.31168549311526,46.19806119836379,46.20128571428572,46.3046947431822,48.57232063384956,-66.27429151454622,12.761821310752964,1.3277910227140415
2023-09-26 00:00:00,44.5,45.389,44.045,44.27,11283619,35.203928571428555,45.318693064262824,41.493452915887175,46.339333333333336,46.43507368664006,48.54081189843054,-80.5176732535485,13.060525442599864,1.3171578303301392
2023-09-25 00:00:00,44.14,45.11,44.11,44.91,9175373,35.138650793650775,45.36149686280417,44.129354270468404,46.55966666666667,46.69789636192714,48.533966290728976,-70.03978323865034,13.346524199415917,1.3279392870157884
2023-09-22 00:00:00,45.16,45.345,44.03,44.41,16158675,35.07384920634918,45.37992530618393,41.43019376271674,46.714523809523804,46.89839696300107,48.50674918692368,-78.22563481278961,13.56276523459226,1.40188230604427
2023-09-21 00:00:00,45.79,45.79,43.93,44.6,27875722,35.01853174603172,45.419514094191435,42.14869591853938,46.918285714285716,47.1870146678525,48.493118574739114,-75.11501121461662,13.787655911175655,1.3825103073756808
2023-09-20 00:00:00,46.865,47.54,46.4,46.55,22581975,34.966507936507895,45.452963649056386,50.49411620766664,47.10652380952381,47.47739939518998,48.472540491985626,-43.19019007547357,14.021542214822386,1.3490414189342002
2023-09-19 00:00:00,46.4,47.755,46.21,47.59,19188602,34.90674603174599,45.40818665514032,55.98370413752323,47.098571428571425,47.52656720183748,48.39180600406362,-25.61837739055155,14.245870139189732,1.4337512859628057
2023-09-18 00:00:00,47.3,47.348,46.48,46.51,15025531,34.84460317460312,45.31913304922768,50.82886739579195,46.977476190476196,47.43465756257577,48.27713961784166,-42.93134127378533,14.479171180531772,1.462621875263733
2023-09-15 00:00:00,48.19,48.49,47.27,47.52,16130135,34.791507936507884,45.27052623491045,56.58330180603902,46.95057142857143,47.479337950707986,48.19177941860405,-26.740513938538925,14.823707882549142,1.50391115096604
2023-09-14 00:00:00,48.63,48.695,47.805,48.32,13068165,34.73408730158725,45.1787109791925,61.72281346418854,46.810571428571436,47.386472910508495,48.07330223060525,-13.916096247254755,14.950145044306357,1.5496870651844514
2023-09-13 00:00:00,47.51,48.3599,47.28,48.16,12691849,34.666626984126935,45.05049510079219,61.06605251736379,46.572142857142865,47.17064747023055,47.92737492282841,-16.480979785511657,14.91648920029594,1.5418698875067243
2023-09-12 00:00:00,48.34,49.1881,47.9,47.92,18808980,34.60448412698407,44.92357653347758,60.11280117531313,46.329523809523806,46.95156205050637,47.782393578439255,-20.32830509289684,14.958204727605848,1.4872520801800881
2023-09-11 00:00:00,47.74,48.97,47.65,48.94,19007314,34.540436507936455,44.80127353484401,66.54236424116489,46.095142857142854,46.740067001092626,47.64079426446843,-0.49833887043191294,14.809230940737054,1.3968532492713752
2023-09-08 00:00:00,46.34,47.25,46.27,47.24,15965207,34.467976190476136,44.63234592402131,59.90549214978184,45.73871428571428,46.36331669135307,47.464659972979014,-12.448979591836727,14.701433879639106,1.1957837388089871
2023-09-07 00:00:00,45.5,46.68,45.25,46.27,14972153,34.39968253968249,44.52591106377728,55.196617478553904,45.531619047619046,46.179546995247094,47.33531134983083,-32.244897959183646,14.996697944281058,1.1053211071901228
2023-09-06 00:00:00,46.34,46.85,45.61,45.9,14262663,34.33071428571423,44.454723760257984,53.25197009192308,45.406619047619046,46.108392576770484,47.23168588322165,-51.48026315789479,15.455578767157622,1.0877402033574002
2023-09-05 00:00:00,46.87,47.14,46.3,46.55,16461664,34.26384920634915,44.39573289332974,57.30972020491235,45.31333333333334,46.07888845493562,47.13621418510428,-44.95412844036705,15.827211551999286,1.0674477738980948
2023-09-01 00:00:00,47.51,47.6999,46.83,47.04,14614473,34.193888888888836,44.30780362366973,60.538821128210316,45.150523809523804,45.95466846099623,47.01830869283549,-37.46177370030586,16.00428216908058,1.0001623618193192
2023-08-31 00:00:00,46.69,47.57,46.52,47.23,19263774,34.121349206349166,44.19628540422767,61.792428189436315,44.93228571428572,45.74796918867788,46.88234437788748,-34.55657492354749,16.019994674280248,0.869731424061474
2023-08-30 00:00:00,45.35,46.75,45.3,46.51,19869421,34.04785714285709,44.07246031868595,58.78961470747939,44.689666666666675,45.49171487541668,46.73700678350481,-45.56574923547407,16.06667670809803,0.7152892771459668
2023-08-29 00:00:00,44.21,45.585,44.1201,45.35,11335394,33.97734126984122,43.97296890312211,53.29864267740324,44.517761904761905,45.306474382496745,46.609549236727794,-63.302752293578,16.311766936511724,0.7768494062558072
2023-08-28 00:00:00,44.11,44.5199,43.71,44.15,10424110,33.9107936507936,43.91676355222913,46.443919593165994,44.462523809523816,45.26052668781654,46.513602677478836,-81.65137614678906,16.874949694932653,0.8761392583373945
2023-08-25 00:00:00,44.71,44.84,43.08,43.96,19132486,33.85313492063488,43.90724369721807,45.26269774078149,44.54685714285714,45.373965639851086,46.451010562629456,-84.55657492354743,17.321096766832493,1.3333096977071757
2023-08-24 00:00:00,45.24,45.7199,44.64,44.68,18129594,33.792619047619,43.90509037873717,49.07109885189949,44.66919047619048,45.52397630613623,46.39199301794595,-73.54740061162084,17.785089721608326,1.4690455234607265
2023-08-23 00:00:00,44,45.615,44,45.14,14625811,33.72567460317455,43.873461414603995,51.64924090545115,44.73214285714285,45.58864259041147,46.30918442542273,-66.51376146788994,18.25847988218871,1.4920050268011835
2023-08-22 00:00:00,44.94,45.18,44.02,44.35,13599785,33.65765873015868,43.82176596213885,47.22772209761316,44.76161904761904,45.59476593027692,46.20994525172835,-78.59327217125383,18.781161478178614,1.5511720568653886
2023-08-21 00:00:00,44.98,45.3,44.01,44.63,15362066,33.59678571428566,43.80020538916492,48.693212102742386,44.87976190476191,45.708565532999394,46.131634765897246,-74.31192660550458,19.45082144037785,1.572836529967435
2023-08-18 00:00:00,43.27,44.84,43.19,44.69,17137983,33.53932539682535,43.76633622137573,48.995731091390965,44.98404761904761,45.79352053428868,46.04241454783352,-73.39449541284411,20.14726780106506,1.5997359157060898
2023-08-17 00:00:00,44.18,44.86,43.91,43.97,21326615,33.48388888888884,43.7286356589829,45.20219762191733,45.09471428571428,45.8767876854205,45.948699291035126,-84.40366972477071,20.903110401243165,1.613293525679689
2023-08-16 00:00:00,43.98,44.33,43.4,43.65,14980821,33.43789682539677,43.7187840532271,43.46690403602659,45.28633333333333,46.065601694333694,45.87391779612816,-89.29663608562699,21.57894135769654,1.5602871530586928
2023-08-15 00:00:00,44.7,44.88,44.01,44.08,13404696,33.393611111111056,43.72159156560371,45.255082990528194,45.52495238095238,46.31552780109737,45.806392223239996,-69.8605371900827,22.432198354406037,1.482307238732915
2023-08-14 00:00:00,43.5,44.885,42.95,44.85,15828847,33.34753968253963,43.70696264991407,48.57808207360633,45.73847619047619,46.52912694187679,45.72365598047973,-59.91735537190084,23.137896732048976,1.4257685646695957
2023-08-11 00:00:00,44,44.3,43.31,43.71,16181113,33.29749999999995,43.66030806419627,42.804369642967146,45.88180952380952,46.655348424066474,45.615152217535005,-74.63842975206614,23.87182304479763,1.3986976084915566
2023-08-10 00:00:00,44.13,45.18,44.09,44.6,16908213,33.25420634920631,43.65827982191857,46.59723568090096,46.13866666666666,46.94823481014021,45.53795211489405,-63.145661157024804,24.794512808099896,1.316302017015852
2023-08-09 00:00:00,45.25,45.46,43.84,44.11,20097959,33.200476190476145,43.61984226362953,44.06328751647137,46.31571428571428,47.14475190618813,45.43148179152872,-69.4731404958678,25.525465323836595,1.2633681173751379
2023-08-08 00:00:00,44.5,45.24,44.085,45.16,14742206,33.15182539682535,43.59983582541033,48.657280833304064,46.54138095238095,47.424792241119526,45.336761785979036,-55.914256198347175,26.285655940202766,1.2279147975327926
2023-08-07 00:00:00,45.01,45.53,44.38,44.95,22122549,33.099642857142825,43.53615565501891,47.64353497836697,46.66323809523809,47.58419722673735,45.20759895236404,-58.62603305785123,27.004914492270753,1.282082193152997
2023-08-04 00:00:00,46,46.38,45.02,45.2,25657595,33.047658730158695,43.4784477225707,48.706635640240115,46.79476190476191,47.7837827228988,45.08129298079898,-55.39772727272726,27.66730540760695,1.4800773628429018
2023-08-03 00:00:00,46.22,47.85,45.79,45.91,25313223,32.98809523809522,43.40818028267562,51.751939988813874,46.891571428571424,47.96388561340958,44.944036345041894,-46.229338842975274,28.166179948146837,1.6427789717426993
2023-08-02 00:00:00,46.055,47.705,45.67,46.96,36303801,32.9219841269841,43.30606519217259,56.61268195429705,46.902666666666676,48.05861015006501,44.781743818314446,-32.67045454545456,28.443734458842798,1.8711207203171047
2023-08-01 00:00:00,48.67,49.03,46.01,46.65,82282793,32.83325396825394,43.15692499593473,55.46596647348009,46.79804761904762,48.01180377566027,44.583665910797386,-36.67355371900831,28.762551326517762,1.926217212569756
2023-07-31 00:00:00,48.85,49.49,48.15,49.46,38646789,32.741190476190454,43.014350505972885,71.33523501015252,46.706,47.99607471394136,44.390095062907584,-0.38739669421489076,28.987828548692082,2.0078851436274934
2023-07-28 00:00:00,47.14,48.43,46.71,48.14,17154631,32.63742063492061,42.751262771522796,67.24776914509432,46.316380952380946,47.584112850484004,44.10706068794261,-4.338719329742658,28.46335475774615,1.8802869461866714
2023-07-27 00:00:00,48,48.09,46.355,46.61,17991953,32.53801587301585,42.5313143132176,61.309774033533074,46.02600000000001,47.30436041031223,43.857296058550666,-23.329129886506994,28.10129154632744,1.8609672216350288
2023-07-26 00:00:00,47.05,47.555,46.62,47.31,16654911,32.44253968253966,42.364837346410155,66.42611817579359,45.870047619047625,47.199699843550846,43.647816570136825,-9.587260318491984,27.787313085188956,1.835755634609356
2023-07-25 00:00:00,47.2,47.73,46.93,47.17,14164200,32.347460317460296,42.16299397279425,65.89759955195551,45.63085714285715,46.98074906586727,43.41220863480356,-11.862203444913835,27.561629941819454,1.7696871898728315
2023-07-24 00:00:00,47.06,47.55,46.84,47.32,16669825,32.25273809523808,41.95862637984707,66.94608513589218,45.39190476190476,46.75143314004398,43.175283891821955,-8.333333333333307,27.207234814719705,1.6848884236055506
2023-07-21 00:00:00,46.55,47.34,46.2804,47.23,20181244,32.1611111111111,41.73979480351429,66.65045455650463,45.119714285714295,46.47069789952512,42.92828417355574,-9.140518417462507,26.870907693350187,1.5915357363251375
2023-07-20 00:00:00,46.07,47.5,45.86,46.57,23085271,32.06940476190474,41.515704795494464,64.487621737056,44.83504761904762,46.166358591871465,42.67825532504511,-18.144611186903116,26.55828552761919,1.4958305385303505
2023-07-19 00:00:00,47.1,47.9,46.55,47.12,21990935,31.974563492063474,41.30940703204526,67.89487235507005,44.59461904761904,45.914687356410525,42.442335312335224,-10.64120054570261,26.233158475258957,1.4328484741939733
2023-07-18 00:00:00,45.34,47.75,45.34,47.41,42620243,31.877182539682522,41.07223997212874,69.69788146383684,44.278238095238095,45.554360594575094,42.18433851796264,-4.398447606727084,25.64806842387781,1.3019393227028666
2023-07-17 00:00:00,44.68,45.65,44.5,45.51,21937913,31.775039682539667,40.81355588935848,63.85896198534686,43.915714285714294,45.11006634903152,41.91167270715546,-12.092391304347835,25.062460646619073,1.0043668403526673
2023-07-14 00:00:00,45.905,46.4,44.56,44.75,22054795,31.67638888888887,40.62186429300577,61.07292710244244,43.723904761904755,44.87538497523424,41.69008705566904,-21.181001283697032,24.811064486983472,0.9046678948652929
2023-07-13 00:00:00,45.21,45.935,44.6218,45.64,21193224,31.584126984126964,40.45336895802641,66.66082332947434,43.58790476190476,44.715063524437426,41.486251385556265,-4.027303754266233,24.527910888360893,0.9784048241908868
2023-07-12 00:00:00,45,45.22,43.97,44.52,21830121,31.488611111111094,40.24166973182341,62.669604697331074,43.346999999999994,44.40927378803613,41.25078532382666,-10.859728506787308,24.319953443834628,0.9092165583621983
2023-07-11 00:00:00,42.1,44.67,41.746,44.36,32164969,31.396031746031724,40.06704400659171,62.06720778583227,43.19952380952382,44.220188137817594,41.04366655611629,-13.273001508295659,24.24216567685541,0.8955069793139527
2023-07-10 00:00:00,42.58,43.2,42.44,42.78,15821816,31.30865079365077,39.891821312983204,55.47953070831029,43.0512380952381,44.0276173144986,40.83653280058715,-30.846394984326025,24.27280962966861,0.934591354550212
2023-07-07 00:00:00,42.07,43.12,41.9412,42.91,14937560,31.229126984126964,39.77393646861517,56.22555474617656,43.041428571428575,44.027081011921254,40.672208635003415,-28.51897184822527,24.634205928049766,1.0866926888499806
2023-07-06 00:00:00,42.99,43,41.87,42.11,18048160,31.14416666666665,39.64593387549742,52.58200066634069,43.00057142857143,44.0026057315116,40.50000763567695,-38.31089351285192,25.02926632261756,1.3488769402729073
2023-07-05 00:00:00,42.89,43.88,42.89,43.66,15730395,31.066428571428556,39.54535974796671,61.84285686470226,43.02704761904762,44.07978626968077,40.34781972511378,-19.33904528763776,25.468219818698383,1.4327616689456766
2023-07-03 00:00:00,43.17,43.4,42.58,43.09,7578076,30.97785714285713,39.37741524788372,59.401193571769035,42.89047619047618,43.94481760392791,40.14520153265445,-26.315789473684188,25.595362663763392,1.4626393950663303
2023-06-30 00:00:00,43.11,43.4299,42.92,43.17,17589240,30.888055555555546,39.225881176368766,59.90073617284957,42.79219047619048,43.8678566548147,39.95506631238424,-25.336597307221542,25.832564134888987,1.5444306394267113
2023-06-29 00:00:00,44.09,44.28,42.11,42.58,28595285,30.801944444444434,39.0648967345879,57.45025325077165,42.66395238095238,43.76518019974092,39.75807775800095,-32.558139534883765,25.966565883436978,1.7054479616804503
2023-06-28 00:00:00,43.5,45.24,43.32,44.24,28187374,30.72059523809523,38.92142313191801,68.36520421718546,42.569761904761904,43.72640160981837,39.574309109015104,-12.23990208078335,26.105927701926888,1.8931056494554137
2023-06-27 00:00:00,44.69,44.83,43.75,43.83,29652067,30.635753968253958,38.70433836179222,66.9239709033881,42.28566666666667,43.44767172711346,39.33619740454513,-15.181932245922223,25.83948880819747,1.983401371382001
2023-06-26 00:00:00,43.75,45.04,43.68,44.42,33692974,30.553214285714276,38.4951276826817,71.26219437725072,42.015,43.189490866010146,39.10507205979348,-7.779171894604738,25.405520023410528,1.9810265015895172
2023-06-23 00:00:00,42.59,43.755,42.33,43.34,23186640,30.46571428571428,38.253296159525846,67.70366532716591,41.65733333333333,42.81613798731297,38.8509361425739,-7.794117647058739,24.95419248723211,1.921550090421793
2023-06-22 00:00:00,42.3,43.87,42.21,42.81,19542077,30.379047619047615,38.04567559460853,65.77231117151965,41.37690476190477,42.546106276995204,38.623691883265195,-15.588235294117583,24.709862591368182,1.9046770723668618
2023-06-21 00:00:00,42.5,43.2178,41.77,42.66,21329797,30.295515873015866,37.85121337398031,65.22580320742296,41.12719047619047,42.314423876610725,38.40731152007115,-16.317365269461128,24.455759499669696,1.8557602215803635
2023-06-20 00:00:00,42.77,43.47,42.02,42.17,19936203,30.212777777777774,37.654936368836644,63.45587082519986,40.87514285714286,42.07273008080106,38.19056902229035,-23.65269461077842,24.31148787903618,1.7775468348260195
2023-06-16 00:00:00,43.07,43.665,42.53,43.52,27986352,30.12666666666666,37.470648057360584,72.95559954417554,40.65552380952381,41.866929060472536,37.98372059259107,-3.4431137724550434,24.077946735413395,1.7145069262035662
2023-06-15 00:00:00,41.02,43.75,40.94,43.36,41477785,30.041388888888882,37.223735733171225,72.50256310000826,40.287,41.446997435291074,37.731500037314404,-5.838323353293422,23.66311033815215,1.4981604553585037
2023-06-14 00:00:00,41.3,41.59,40.57,41.27,15077575,29.953015873015868,36.97327596717821,65.49069749569014,39.90742857142857,40.99907557852467,37.478534711478964,-11.764705882352846,23.231680485000457,1.2822576769120937
2023-06-13 00:00:00,41.75,41.83,40.89,41.41,16659586,29.874841269841262,36.79789947604263,66.54620599698632,39.70866666666667,40.78674596298767,37.283015439221,-8.823529411764746,23.172499588399337,1.2708190272418805
2023-06-12 00:00:00,41.26,41.745,41.06,41.74,16016444,29.804642857142856,36.609650475064775,68.97955109026648,39.481,40.52710774136698,37.07887570455671,-0.10256410256400927,23.003108655541155,1.1809592499320205
2023-06-09 00:00:00,40.05,41,40.02,40.99,21980664,29.739960317460316,36.400248453638845,66.38555712091915,39.20623809523809,40.189104457249314,36.86022477185923,-0.23174971031281613,22.770034763097797,1.0068589772157763
2023-06-08 00:00:00,39.18,40.63,39.04,40.26,20301812,29.679801587301586,36.21291165582818,63.6373235615069,38.99066666666668,39.91369711614817,36.659345598564855,-11.936936936936968,22.66820267690425,0.8824980169949387
2023-06-07 00:00:00,40.24,40.25,38.61,38.99,23653908,29.620436507936507,36.04772437647423,58.10384743282486,38.83761904761905,39.70480146423047,36.47600525899092,-27.439024390243848,22.63443842889329,0.8099512330998697
2023-06-06 00:00:00,40.2488,40.73,39.93,40.25,14570118,29.5638492063492,35.927631493881336,67.57772853255116,38.80171428571429,39.643912133255625,36.32684944128739,-5.980066445182716,22.674067688583367,0.8120720411392081
2023-06-05 00:00:00,39.5,40.79,39.46,40.42,25724049,29.499960317460307,35.75120828954996,68.98696466207215,38.63904761904762,39.397431401270076,36.13629448982085,-3.2527472527472305,22.282968120239786,0.7230394180126002
2023-06-02 00:00:00,39,39.89,39,39.73,21218954,29.437738095238082,35.56064536259281,66.34157630291578,38.44747619047619,39.0963877519916,35.93638096515757,-6.8262411347517995,21.87622456916246,0.5999856248277947
2023-06-01 00:00:00,37.5,38.5,37.265,38.48,17115298,29.371111111111098,35.39046762229048,60.70282813104795,38.31095238095238,38.85385683883514,35.752861621228654,-17.907801418439742,21.613520558498085,0.5498206525768193
2023-05-31 00:00:00,37.25,38.05,37.07,37.93,34506306,29.310476190476177,35.264364259934986,57.815402344943614,38.29042857142858,38.75330079258223,35.60296232113922,-22.78368794326241,21.61686666509155,0.556789682016468
2023-05-30 00:00:00,38.73,39.06,37.56,37.56,18143192,29.253888888888874,35.155562801156826,55.78602187003301,38.31557142857143,38.71295886200034,35.46626418802186,-26.06382978723402,21.717682131876593,0.6720223210578641
2023-05-26 00:00:00,38.24,38.76,38.22,38.45,14438769,29.196507936507924,35.057422507326486,62.50196200230484,38.353,38.71417119168263,35.337614103300325,-18.1737588652482,21.66266616344833,1.364089806427714
2023-05-25 00:00:00,38.48,38.585,37.525,37.95,18634222,29.13138888888888,34.91894995660512,59.98918384649332,38.270428571428575,38.58730836654344,35.17919171390598,-22.606382978723378,21.381733230250987,2.0233786101468993
2023-05-24 00:00:00,38.05,38.66,37.77,37.96,22074721,29.06630952380951,34.79523362830328,60.06393272480071,38.19619047619047,38.51065627566957,35.032315458740705,-22.517730496453893,21.12299479636832,2.6503310642257505
2023-05-23 00:00:00,38.99,39.65,38.51,38.66,18679369,29.01003968253967,34.666059490683,65.35739492991041,38.08157142857143,38.419020979079214,34.881849912736975,-16.31205673758868,20.77193065584418,3.1027524474247055
2023-05-22 00:00:00,39.13,40.5,39.076,39.17,27581555,28.949285714285708,34.50304151071087,69.50126585578718,37.85709523809524,38.21557555227823,34.7069275602392,-11.790780141843955,20.153118202009377,3.4363033917278027
2023-05-19 00:00:00,39.25,39.49,38.915,39.18,19785499,28.88607142857142,34.31255340910723,69.58159090138375,37.543619047619046,37.91487001438899,34.5127943915945,-3.018500486854938,19.306566347244143,3.577415652394896
2023-05-18 00:00:00,37.98,39.49,37.76,39.25,27828117,28.819722222222218,34.11388211968303,70.1082636335155,37.18942857142857,37.57584801442569,34.314150274693105,-2.336903602726406,18.586411668512067,3.6541714519162896
2023-05-17 00:00:00,37.73,37.955,37.36,37.84,19534395,28.759999999999994,33.9042446551803,65.17844383472098,36.791666666666664,37.18642645197333,34.10910748209905,-13.886113886113824,17.837450802630705,3.642727377940875
2023-05-16 00:00:00,37.93,38.15,37.44,37.44,21836864,28.703452380952374,33.743601579881535,63.596925766316915,36.50057142857143,36.94573700212242,33.94217287182774,-17.882117882117875,17.324619574697177,3.641811740054667
2023-05-15 00:00:00,38.34,38.48,37.99,38.14,17826612,28.651666666666664,33.59272817497874,68.66464475993499,36.22038095238096,36.73012997558829,33.78367303303313,-10.889110889110855,16.763334816982685,3.646179644504642
2023-05-12 00:00:00,38.64,39.23,38.2,38.45,21626037,28.59273809523809,33.40712524334522,70.99090382429685,35.84466666666667,36.3905831594151,33.60062203977491,-7.7922077922077335,15.987107110949855,3.582170431456326
2023-05-11 00:00:00,38.64,39.18,38.34,38.42,16515576,28.52972222222222,33.20129362062461,70.90231923966381,35.4062380952381,35.96814936276813,33.4042950442833,-7.630522088353393,15.10557253812338,3.4890976985461446
2023-05-10 00:00:00,38.6,38.95,38.1699,38.79,19531548,28.471190476190475,32.98828519697663,73.47176965815014,34.93742857142857,35.501381852626864,33.2046880046536,-1.644398766700962,14.140101099028188,3.3609104049349487
2023-05-09 00:00:00,38.49,38.58,37.905,38.19,19393602,28.40873015873016,32.75148051113894,71.94060108509528,34.394333333333336,34.93085973056233,32.98968720157,-7.621009268795076,13.170335706519772,3.1858701715543902
2023-05-08 00:00:00,37.82,38.93,37.48,38.83,30992060,28.360634920634922,32.52950012383849,76.30273370249084,33.874714285714276,34.380044988319455,32.78824224475283,-1.029866117404752,12.216826736815078,2.9860649691525474
2023-05-05 00:00:00,37.48,37.95,36.87,37.75,24682890,28.313015873015875,32.272336863587,73.8147937147317,33.260380952380956,33.680481198487485,32.56325258509779,-6.571741511500562,11.225177408322194,2.642395646000047
2023-05-04 00:00:00,37.48,37.8,36.685,37.49,44479400,28.274722222222223,32.048758776386464,73.18546606440617,32.717619047619046,33.05455643413259,32.36611732632686,-9.419496166484109,10.339646948567143,2.346096545328006
2023-05-03 00:00:00,36.75,38.35,36.35,37.84,68580803,28.242896825396834,31.826667297871627,75.45221177134376,32.169285714285714,32.397514907043906,32.172687460734075,-5.5859802847754425,9.441587378283588,1.9917150273068696
2023-05-02 00:00:00,35.02,36.625,34.23,36.52,102993471,28.213333333333342,31.581225146764346,72.46563079836935,31.556904761904757,31.622667145854358,31.964658434144113,-1.417960837272071,8.50760542518869,1.4155246377227075
2023-05-01 00:00:00,32,33,31.76,32.74,49785518,28.193333333333342,31.3796424996935,59.297855676218354,31.04614285714286,30.94889857619138,31.792101299684965,-6.878306878306824,7.806422167387255,0.7963799344533992
2023-04-28 00:00:00,29.62,31.27,29.415,31.05,28516085,28.1936507936508,31.32411770376262,49.215017468037956,30.890428571428565,30.72686862405001,31.729913710341762,-50.67385444743932,7.8310029367006,0.721779052065104
2023-04-27 00:00:00,30.07,30.1699,29.22,29.7,27293660,28.192182539682552,31.335306181467214,37.78254605671518,30.896333333333335,30.715836212035672,31.71731055445502,-87.06199460916442,7.940399937273951,0.7218905734250864
2023-04-26 00:00:00,29.7,30.12,29.465,29.68,14277142,28.198650793650806,31.40205337254751,37.58927108637827,31.03638095238095,30.89102587577656,31.7450413574948,-94.14965986394557,7.6838696476202735,0.6488025508581173
2023-04-25 00:00:00,30.34,30.47,29.5539,29.59,20399240,28.20960317460319,31.47234126530455,36.76849493325137,31.180190476190475,31.08830668832339,31.77381714489082,-98.99333537826605,7.4829425380574115,0.6083091319386876
2023-04-24 00:00:00,30.68,31.06,30.23,30.68,14596163,28.214523809523822,31.549171521031266,43.15038735092744,31.337476190476195,31.31945250771008,31.80576756083377,-71.72011661807583,7.297558484446587,0.5056013746025616
2023-04-21 00:00:00,31.36,31.46,29.71,30.83,40507146,28.218492063492075,31.584647909644787,44.12915432878889,31.391285714285715,31.42500937144345,31.80537653789544,-67.34693877551028,7.287375535857659,0.5019312701954319
2023-04-20 00:00:00,31.52,32.04,31.4,31.5,12747081,28.22793650793652,31.615449865140494,48.71193242527674,31.43247619047619,31.521394756178296,31.800333495752817,-51.8987341772152,7.276785269325173,0.49318226853770775
2023-04-19 00:00:00,31.35,32.37,31.16,32.04,13821973,28.237063492063502,31.620162104533982,52.816906907703505,31.409952380952376,31.535830874734145,31.774866495271375,-40.1162790697675,7.365409508431436,0.493682843534186
2023-04-18 00:00:00,32.37,32.93,31.61,31.73,18698555,28.236071428571442,31.603025863902715,50.59765865860669,31.339904761904766,31.477673664785556,31.732484880189,-48.985507246376805,7.457578717101949,0.5825244630056317
2023-04-17 00:00:00,32.19,32.19,31.63,32.08,25206222,28.239841269841282,31.597843246102823,53.222076364630986,31.30033333333333,31.456651342051025,31.69847845702276,-38.84057971014499,7.407374608255403,0.5913922133406895
2023-04-14 00:00:00,31.31,31.62,30.9302,31.48,11851874,28.242023809523822,31.578163378596816,49.012221207714774,31.226,31.385653651782192,31.653118883051384,-66.8131868131868,7.567503194381893,0.5753735742976034
2023-04-13 00:00:00,30.835,31.59,30.69,31.44,15079614,28.244047619047635,31.58217004711097,48.72656564953557,31.214761904761907,31.390586594760226,31.624823433467697,-68.45493562231756,7.832465115158358,0.6540917366853057
2023-04-12 00:00:00,31.19,31.4499,30.4,30.59,15964933,28.246428571428588,31.587972906176724,42.353906031331256,31.209857142857143,31.402165919163142,31.597053726459556,-87.67395626242543,8.098807565342183,0.6673175780690924
2023-04-11 00:00:00,31.75,31.8,30.88,31.12,16906490,28.252222222222233,31.628706494183938,45.63809455045138,31.29433333333333,31.532818793211355,31.594244353112643,-77.62645914396883,8.33388739068609,0.6728974661863419
2023-04-10 00:00:00,30.96,31.785,30.61,31.74,16463111,28.25678571428573,31.64947002455879,49.83574954378957,31.326904761904764,31.604526446942018,31.57529087932081,-65.56420233463037,8.617948535373966,0.6839415179677273
2023-04-06 00:00:00,30.93,31.49,30.5,31.18,14486919,28.263412698412715,31.645774923520374,45.64250358439503,31.297428571428572,31.598644103835476,31.53715545606815,-76.45914396887157,8.917570241651644,0.6849195208197816
2023-04-05 00:00:00,30.95,31.235,30.47,31.12,17243304,28.27841269841271,31.664786144888552,45.18665474064594,31.32671428571428,31.66983612744935,31.515031721372104,-77.62645914396883,9.238267787261673,0.7087233240129742
2023-04-04 00:00:00,31.94,32.1295,31.285,31.39,15146854,28.299801587301598,31.687022314067676,46.827588442934236,31.37547619047619,31.757132429688518,31.4941687588352,-72.3735408560311,9.501809753484999,0.8903965408737833
2023-04-03 00:00:00,31.5,31.755,31.1674,31.46,23529100,28.31801587301588,31.69914567382554,47.24058430193489,31.411619047619045,31.816613067896704,31.464643718145147,-71.01167315175094,9.768687749996026,1.0418611951694905
2023-03-31 00:00:00,31.42,31.845,31.21,31.7,14824601,28.334761904761915,31.708906721736785,48.60534482354992,31.45261904761904,31.872896588760526,31.4323141209531,-66.34241245136187,10.145369926747621,1.1352333460571
2023-03-30 00:00:00,31.5,31.85,30.88,31.19,16261304,28.354126984126996,31.70927026139951,45.49846711722792,31.48442857142857,31.902143767351596,31.392000043714546,-76.26459143968867,10.52589067144564,1.2748858772454887
2023-03-29 00:00:00,30.62,30.9,30.2,30.87,18917520,28.37793650793652,31.730464965946428,43.508791933194786,31.576714285714285,32.004947529012256,31.36615634041481,-82.69230769230766,10.921632245931583,1.3081318740860952
2023-03-28 00:00:00,30.53,30.8599,29.98,30.07,23087307,28.39341269841271,31.76558598496465,38.277982414668465,31.709571428571426,32.1626819224009,31.34934806330429,-98.07692307692305,11.140516444435322,1.2850778186553526
2023-03-27 00:00:00,31.03,31.04,30.14,30.62,17917994,28.409246031746047,31.834793576187693,40.682828006890304,31.933809523809522,32.447119525679,31.356231068142073,-89.6166134185303,11.357651762306308,1.1977415205293667
2023-03-24 00:00:00,30.94,31.15,30.29,30.75,14786745,28.42543650793652,31.88437698746066,41.251648781255405,32.11961904761905,32.68497453001614,31.346579326190366,-88.46153846153844,11.619854595819076,1.1461452787496005
2023-03-23 00:00:00,31.88,32.2001,30.7503,31.18,16806903,28.43460317460319,31.930678088989662,43.10265891421243,32.30566666666667,32.92901586301012,31.332723494436415,-82.10059171597631,11.925948749135348,1.0791907848012787
2023-03-22 00:00:00,32.58,32.72,31.5,31.52,24636356,28.443214285714305,31.96131801098924,44.57106534431762,32.46642857142857,33.13820451646454,31.305534655300107,-77.07100591715974,12.346353961295154,1.0851571314791235
2023-03-21 00:00:00,32.33,33.14,32.23,32.86,19780177,28.4450396825397,31.979330991029617,50.919514872081905,32.60919047619048,33.321031481867436,31.26745948038706,-57.24852071005915,12.725623591530638,1.0971276133613626
2023-03-20 00:00:00,31.6,32.36,31.46,31.93,14157845,28.447023809523827,31.94338531719409,45.958940337341744,32.630714285714284,33.33655180032727,31.18813040627188,-71.00591715976329,12.945709903304216,1.1259102983808258
2023-03-17 00:00:00,32.38,32.47,31.51,31.78,27102497,28.45067460317462,31.943931656671396,45.12833464899268,32.754333333333335,33.48029593687731,31.13516317813091,-75.50744248985112,13.343516884198076,1.149993913027369
2023-03-16 00:00:00,31.59,32.9,31.55,32.73,20088655,28.45396825396827,31.950622744698798,49.61282012497264,32.91338095238095,33.65786660450762,31.08557564832276,-63.73193166885679,13.745644702417252,1.2712080868213513
2023-03-15 00:00:00,31.83,32.235,31.385,31.97,28434860,28.442341269841286,31.918811428155887,45.596828121683174,32.998619047619044,33.72080827534555,31.00627373191635,-73.71879106438895,14.154896660333712,1.3949354823790239
2023-03-14 00:00:00,32.94,33.42,32.16,32.36,34241847,28.431626984127,31.916722098692862,47.39689659251318,33.1717619047619,33.89284598351898,30.94822154975892,-68.5939553219448,14.719133993276238,1.3824348085895402
2023-03-13 00:00:00,30.585,31.085,29.97,30.82,24293644,28.425277777777794,31.898629123129304,38.49371289878691,33.31290476190476,34.026492658454295,30.87717849424402,-88.8304862023653,15.138119043184776,1.3462191500643568
2023-03-10 00:00:00,32,32.035,30.77,31.11,32553607,28.423650793650808,31.94265480162438,39.66770071215889,33.617285714285714,34.3836965633045,30.85107862715377,-95.00734214390603,15.383757310364341,1.1558088077186466
2023-03-09 00:00:00,34.41,34.52,32.28,32.32,27629682,28.42519841269843,31.976640711894763,44.98296068935625,33.91680952380952,34.73491911539466,30.81565457970283,-75.79250720461094,15.812966567161196,1.0159355294505648
2023-03-08 00:00:00,34.01,34.63,33.52,34.01,16174274,28.418928571428587,31.962626047074142,54.444403757321325,34.12257142857143,34.95211911075384,30.742982370822254,-45.53571428571429,16.269909606181223,1.0609405025730705
2023-03-07 00:00:00,33.85,35,33.6,34.14,25538363,28.39734126984128,31.87905976328125,55.27484486815865,34.17161904761905,34.95468833679088,30.617843707411403,-43.053817271589466,16.407114126505096,1.0589357865328755
2023-03-06 00:00:00,34.585,35.11,33.85,33.88,18903006,28.38023809523811,31.786776488313137,53.970979840122446,34.207142857142856,34.93519995733122,30.486224464665355,-45.79207920792075,16.527026242250145,1.064575502254302
2023-03-03 00:00:00,34,34.59,33.8,34.57,14990366,28.37166666666668,31.70133879395857,58.148415044597904,34.26366666666666,34.94501073915042,30.359762038479218,-36.396614268440125,16.58187867347737,1.1013504210740552
2023-03-02 00:00:00,32.54,33.8,32.23,33.69,17976269,28.369563492063502,31.58425058146708,53.92500108216007,34.247238095238096,34.85598353150672,30.209926216880163,-44.305239179954455,16.74676882037796,1.143699589052999
2023-03-01 00:00:00,33.43,33.58,32.89,32.99,14404671,28.370357142857152,31.498301625608594,50.21401311210837,34.30414285714286,34.87427237731931,30.083592919208655,-43.38374291115309,17.088711006667058,1.301383398541721
2023-02-28 00:00:00,33.75,34,33.165,33.26,17144021,28.382420634920646,31.43741597767425,51.70557976676378,34.417904761904765,34.98608984618568,29.975818098284904,-40.83175803402647,17.26820121709597,1.4705287314432178
2023-02-27 00:00:00,33.675,33.85,33.06,33.55,19023275,28.38924603174604,31.363024793089522,53.284155309741806,34.48866666666667,35.06712697840427,29.857737708209676,-38.09073724007563,17.380217366802977,1.7674702260575703
2023-02-24 00:00:00,33.7,33.92,33.02,33.4,19028996,28.394484126984132,31.27376049892991,52.588945079491566,34.516619047619045,35.11113194409803,29.728549537114546,-39.508506616257094,17.52671641658745,1.9369622479542548
2023-02-23 00:00:00,34.79,34.7999,33.7,34.47,23661721,28.390476190476196,31.186975213171948,58.339687006009115,34.5427619047619,35.17468039148841,29.601305332347543,-29.39508506616257,17.679075428363305,2.108170948950772
2023-02-22 00:00:00,34.35,35.17,34.22,34.54,23294036,28.387341269841276,31.05297420146468,58.72982451026386,34.44709523809524,35.09126937647795,29.439269731700527,-28.73345935727788,17.66396201569194,2.2230170377214833
2023-02-21 00:00:00,33.78,34.39,33.49,34.2,24696827,28.387896825396833,30.91064661785099,57.44635192131043,34.322809523809525,34.983346590590955,29.27190356716708,-31.947069943289186,17.511927055667343,2.3357942974500125
2023-02-17 00:00:00,35.96,36.23,34.57,34.77,27946727,28.393888888888892,30.776387296130622,60.36899289373727,34.21342857142857,34.90481248405139,29.111473296854513,-26.559546313799583,17.490284622459313,2.396153740893935
2023-02-16 00:00:00,35.6,36.73,35.452,36.22,28202687,28.40107142857143,30.61338269597269,68.61493180706749,34.0287619047619,34.73309961089953,28.930693367296797,-12.854442344045367,17.177886490065468,2.43053060050681
2023-02-15 00:00:00,35.01,36.24,34.715,36.23,31492167,28.404523809523816,30.384541173359327,68.67500382058407,33.6717619047619,34.33706100264442,28.702633891765686,-12.759924385633287,16.599142522215253,2.4344101441622352
2023-02-14 00:00:00,33.11,35.36,32.7239,35.23,38856463,28.398015873015876,30.14595101716991,65.90306103612097,33.27919047619047,33.89208912803831,28.46977486073623,-22.211720226843116,16.073280050480726,2.388396114550515
2023-02-13 00:00:00,34.5,34.52,33.35,33.44,35043744,28.398253968253975,29.938438813789087,60.023159553805776,32.95314285714286,33.532676133973354,28.262488562963476,-33.99014778325123,15.668135259172603,2.3556342564158803
2023-02-10 00:00:00,34.4,35.3986,34.05,34.3,41936379,28.415357142857147,29.795517949045784,65.02582256424458,32.77852380952381,33.37694891419653,28.105125028603183,-26.929392446633837,15.390086765326156,2.3781532225657784
2023-02-09 00:00:00,36.89,37.36,35.65,35.89,44068509,28.43873015873016,29.611661538802757,75.8836985279499,32.496904761904766,33.08068059807013,27.918803508362238,-13.784665579119071,14.902406282447723,2.3569792107695817
2023-02-08 00:00:00,37.43,37.58,34.5,36.83,109221089,28.448452380952386,29.35540282610083,83.54156276189117,32.02795238095238,32.528627596655426,27.68094387512533,-5.971337579617835,13.896953754011939,2.197126304972019
2023-02-07 00:00:00,33.66,35.06,33.41,34.9,59374036,28.451269841269845,29.050317227166165,79.62057070630149,31.42761904761905,31.7841359857801,27.410122182808422,-1.4787430683919005,12.851283124438726,1.8283743462431312
2023-02-06 00:00:00,33.53,34.21,32.9,33.9,33594934,28.459801587301595,28.81155466500968,76.98224549102025,30.975380952380952,31.223621143931936,27.19222608997945,-3.1093279839518777,12.161303630771355,1.6536936687306991
2023-02-03 00:00:00,32.17,33.95,32.15,33.09,25804879,28.46234126984128,28.603863018683544,74.49916342105938,30.582666666666665,30.738544749649158,27.00029908606654,-8.66062437059415,11.602557409980053,1.610963298774991
2023-02-02 00:00:00,32.42,33.47,32.42,33.05,32045470,28.478531746031752,28.420755386793076,74.37239049716874,30.231190476190474,30.311014911475134,26.829150916900986,-4.388714733542337,11.071669445207402,1.6725055306336056
2023-02-01 00:00:00,30.88,31.85,30.64,31.49,21206352,28.50059523809524,28.23180662707034,68.74556171017954,29.849523809523813,29.841216773388176,26.655997900087954,-4.528301886792488,10.613006301502823,1.6162761985502354
2023-01-31 00:00:00,29.75,30.96,29.74,30.93,15611532,28.52404761904762,28.098819142460968,66.27751166839107,29.5872380952381,29.53481858338209,26.526642292586658,-3.6986301369862953,10.48383372502689,1.7020381899358195
2023-01-30 00:00:00,30.2,30.54,29.59,29.63,17969731,28.541031746031745,27.983260740112435,59.359679351975004,29.348761904761908,29.27124196634359,26.41182730438004,-21.506849315068493,10.566751385823133,1.8337268062609546
2023-01-27 00:00:00,29.7,30.5968,29.5,30.36,18223987,28.558730158730164,27.916046892770087,66.46966514804973,29.21161904761905,29.157256119923414,26.334167501640287,-11.50684931506849,10.760869021456815,1.9627760952283884
2023-01-26 00:00:00,30.53,30.6472,29.31,30.02,25383593,28.576349206349214,27.816293704719886,64.63782519446463,28.977476190476192,28.92856477284911,26.233213503086645,-16.16438356164383,10.962751362515844,2.0449481044760036
2023-01-25 00:00:00,29.22,30.4,28.8,30.29,14487937,28.59539682539683,27.72634650899417,67.35110462996258,28.748952380952385,28.720946885061,26.140765749971976,-12.465753424657535,11.172708997217235,2.119309970249751
2023-01-24 00:00:00,28.51,31.2,27,29.93,14447601,28.619166666666665,27.621707590993932,65.56128712047996,28.46780952380952,28.452641798610806,26.038612229027038,-17.397260273972595,11.450085216042805,2.1212086177460248
2023-01-23 00:00:00,30.63,31.11,30.265,30.53,22041062,28.643015873015873,27.52749157429981,71.63920892007248,28.19576190476191,28.20444708366065,25.945561264628104,-8.04438280166433,11.738556483621398,2.1113035665199833
2023-01-20 00:00:00,29.3,30.39,29.12,30.36,23008696,28.671944444444442,27.40494020998551,70.93018164428553,27.841952380952378,27.84628666820079,25.832860236674172,-0.46224961479200505,11.05352666706374,1.9849974811067144
2023-01-19 00:00:00,28.47,29.2854,28.34,29.03,15651532,28.70170634920635,27.284325524678795,64.47884478246968,27.47861904761905,27.47323398576354,25.723338821132714,-17.124394184167986,10.49115024330455,1.8468933374724166
2023-01-18 00:00:00,29.95,30.09,28.885,28.96,25257235,28.738928571428566,27.21307350527793,64.08935839677582,27.222523809523807,27.2441298671366,25.6520457433014,-18.255250403877202,10.158963662508263,1.7854520436012837
2023-01-17 00:00:00,29.44,29.78,28.955,29.2,20816486,28.788730158730157,27.141770383044374,66.40756022177118,26.95885714285714,27.00048470962289,25.58176923824103,-9.86394557823132,9.615396539055705,1.682085833125052
2023-01-13 00:00:00,28.68,29.5,28.66,29.44,16940714,28.84297619047619,27.057761010923738,68.71555979960701,26.658238095238094,26.69829096977845,25.503190257789193,-1.0714285714285483,9.121251838113327,1.5346246283700784
2023-01-12 00:00:00,28.85,29.185,28.2,29.03,17513401,28.896944444444443,26.96052676647164,66.89013679950398,26.325380952380954,26.331773314761076,25.416149138789848,-2.932828760643284,8.671897494399918,1.3675909476155508
2023-01-11 00:00:00,28.24,28.52,27.92,28.35,15421719,28.95484126984127,26.876058471225587,63.62105652786789,26.021809523809523,25.98429345776851,25.34008159493272,-10.282258064516087,8.277476867183513,1.1989573595420315
2023-01-10 00:00:00,27.4,28.25,27.15,28.04,15413738,29.01138888888889,26.8158975925001,62.03423359847266,25.776714285714288,25.69551186870676,25.28335733098382,-16.53225806451613,8.026038329461066,1.0905378260289735
2023-01-09 00:00:00,27.3,28.05,27.15,27.4,24962057,29.064841269841274,26.765934228928675,58.56982811596157,25.55404761904762,25.42090883117624,25.23521710869918,-38.59649122807021,7.830801342738146,0.9785019161963863
2023-01-06 00:00:00,25.86,26.54,25.4,26.4,19443753,29.12289682539683,26.740053993374744,52.247651501473186,25.387809523809523,25.207856328927097,25.20578968834168,-56.140350877193,7.676536606463282,0.9159829419809082
2023-01-05 00:00:00,25.73,26.01,25.55,25.55,9942038,29.189722222222226,26.753933748206364,45.70859290893586,25.31680952380952,25.11276134679019,25.20631140102323,-71.05263157894734,7.915831184986545,0.9159829419809081
2023-01-04 00:00:00,25.73,25.97,25.32,25.91,14815960,29.26460317460318,26.803073901194377,48.31030455165734,25.33328571428571,25.12746131917934,25.232866319556187,-64.73684210526315,8.14409654901198,0.9559607732537984
2023-01-03 00:00:00,25.37,25.75,25.02,25.36,22155275,29.33619047619048,26.839525897161494,43.76977354070974,25.323999999999998,25.096613314648128,25.24949801301159,-74.3859649122807,8.369678055417705,1.048584164480849
2022-12-30 00:00:00,24.42,24.85,24.24,24.73,20474050,29.401944444444453,26.89991470929053,37.97461505238327,25.3832380952381,25.14109442569083,25.283445167119794,-85.43859649122805,8.540649409915945,1.2214769748136884
2022-12-29 00:00:00,24.75,25.375,24.29,24.91,17828296,29.473095238095244,26.98848265660851,39.04213580181103,25.519666666666666,25.279860145083553,25.33746952674185,-82.28070175438594,8.44774204215944,1.288044545037166
2022-12-28 00:00:00,24.21,24.72,24.02,24.59,15669206,29.5427380952381,27.073318683408857,36.07565156490095,25.65909523809524,25.41098311268887,25.38755302100187,-87.89473684210525,8.363544812125244,1.406827636919321
2022-12-27 00:00:00,24.29,24.7,23.9,24.4,15258601,29.61396825396826,27.174678629670442,34.313232706755116,25.84409523809524,25.602570793328532,25.448690942026175,-91.2280701754386,8.072933841077768,1.3751213582807884
2022-12-23 00:00:00,24.46,24.725,24.162,24.64,11610045,29.687619047619055,27.287930818636582,35.45994327496712,26.063190476190478,25.842886462676205,25.517185281388976,-89.23270666546729,7.764454872677689,1.3079353003875995
2022-12-22 00:00:00,24.93,25.1,24.0415,24.64,23684734,29.764087301587303,27.396009627560524,35.45994327496712,26.277809523809523,26.077525954224846,25.580217725685976,-91.59232984477065,7.50190635495484,1.2739987244891577
2022-12-21 00:00:00,25.15,25.67,24.8709,25.36,20444478,29.837023809523814,27.508499816440544,38.81537032581777,26.51219047619048,26.33880829377461,25.644912810248307,-89.59056210964607,7.2288558965230765,1.2271670627913709
2022-12-20 00:00:00,24.72,25.28,24.61,24.96,28536476,29.902936507936513,27.59619368649934,35.67536863126445,26.690952380952382,26.529982009746334,25.689593912437033,-95.14226231783482,7.127630203554647,1.1763549634357822
2022-12-19 00:00:00,26.02,26.02,24.69,24.95,35616094,29.961428571428577,27.703793428805433,35.59864345631847,26.92347619047619,26.798041478247928,25.74762596651464,-96.35087719298248,6.91388271897732,1.0718314932861417
2022-12-16 00:00:00,26.06,26.45,25.66,25.97,22646200,30.019880952380955,27.81619316059341,40.132553075170314,27.176047619047615,27.096986761621345,25.80751826055746,-94.96344435418361,6.708730536223318,0.9641452172779784
2022-12-15 00:00:00,26.98,27.11,25.88,26.24,19383729,30.066428571428577,27.891547983474773,41.42951790182458,27.34533333333334,27.28768648846482,25.83825173121552,-93.93428812131425,6.708403634862732,0.9256882574603613
2022-12-14 00:00:00,27.07,27.82,26.77,27.47,19427279,30.112420634920642,27.958958105249256,47.99005369612942,27.506999999999998,27.462088024187448,25.86185202740466,-74.97842968075929,6.757994064361082,0.9848597615904509
2022-12-13 00:00:00,28.03,28.455,26.91,26.98,27635364,30.151269841269848,27.9789155789329,44.75383509052172,27.57104761904762,27.48590672065913,25.84923169315423,-83.43399482312337,7.017196839363357,1.2556865651905333
2022-12-12 00:00:00,26.42,27.23,26.11,27.03,16483626,30.185992063492066,28.01968764337914,45.01925837700233,27.69171428571429,27.580634592747895,25.851523104237998,-82.57118205349437,7.275595309152624,1.2414793594740106
2022-12-09 00:00:00,26.4,26.96,26.24,26.55,14253514,30.224246031746038,28.060083057394614,41.95026794684975,27.81771428571429,27.679125611423665,25.852748164617367,-90.85418464193268,7.287386624718904,1.2234177536720643
2022-12-08 00:00:00,26.52,27.03,26.2761,26.45,14909647,30.267857142857146,28.121719100553577,41.31658149092652,28.000380952380958,27.854789543054718,25.868867931394504,-92.5798101811907,7.229781405284631,1.1547016930792124
2022-12-07 00:00:00,26.61,26.87,26.02,26.4,21193949,30.31690476190477,28.18995253322923,41.01764313008104,28.193047619047622,28.063105690647134,25.88872718633651,-93.44262295081968,7.177551533137455,1.1461374263150121
2022-12-06 00:00:00,27.7,27.86,26.7,26.92,19772905,30.363253968253975,28.263011820299813,43.139879882416686,28.395428571428575,28.30037013187629,25.910895245406223,-88.75793291024478,7.083962700357533,1.0721077371234662
2022-12-05 00:00:00,28.41,28.86,27.65,27.7,17486336,30.40916666666667,28.317828629291643,46.490240022215055,28.55195238095238,28.490726430917565,25.91823403226654,-74.6146872166818,7.125550468013742,1.0266414904921775
2022-12-02 00:00:00,27.38,28.78,27.19,28.75,15980529,30.441507936507943,28.343046124364772,51.48867810439253,28.63747619047619,28.593187189128024,25.902607572537804,-55.575702629193124,7.373114170625201,1.0084770696451155
2022-12-01 00:00:00,29.22,29.6,28.3,28.34,18066596,30.478690476190483,28.326435762093944,49.520815688937894,28.62290476190476,28.56119199279478,25.855415852662503,-63.00997280145061,7.612729174237629,1.008335757572843
2022-11-30 00:00:00,27.8,29.14,27.64,29.14,18177028,30.509166666666676,28.32588211973043,53.44920303092289,28.64961904761905,28.582081229837076,25.820048356949528,-48.504079782411615,7.725274329181365,1.0075488821888492
2022-11-29 00:00:00,28.05,28.23,27.58,27.76,15007821,30.544325396825403,28.292652818494936,46.67314885609267,28.603047619047622,28.49445487059605,25.760266352948925,-73.52674524025385,7.9398771015651155,1.0317553004467674
2022-11-28 00:00:00,28.11,28.655,27.73,27.76,11126985,30.591706349206355,28.314393749862074,46.67314885609267,28.682238095238098,28.587740541567502,25.741312981093422,-73.52674524025385,8.151808680921327,1.1125703348552842
2022-11-25 00:00:00,28.71,28.88,28.24,28.5,5200356,30.64234126984128,28.33702206618297,50.04105078028222,28.760190476190477,28.69039995611839,25.72240778900644,-60.10879419764281,8.404095398190417,1.123673773832957
2022-11-23 00:00:00,28.36,28.94,28.14,28.79,12964924,30.696230158730167,28.330369905619012,51.390500719255336,28.76442857142857,28.70121338960106,25.68124438482421,-54.850407978241186,8.7060865674255,1.1357573464433321
2022-11-22 00:00:00,28.27,28.33,27.3117,28.08,20368643,30.751349206349218,28.31160949360346,48.21579606091546,28.73823809523809,28.672612742774007,25.63094742206099,-67.7243880326383,9.020157383429986,1.1366595796455505
2022-11-21 00:00:00,28.52,28.71,28.01,28.25,16159379,30.808968253968263,28.321062942321966,48.92624016402918,28.781000000000002,28.738420504281855,25.601489801146215,-52.932442464736454,9.290765278609216,1.1329338021261435
2022-11-18 00:00:00,29.21,29.405,28.7,28.96,15676273,30.87238095238096,28.323963470580004,51.89149120816081,28.80471428571429,28.787038312595666,25.566764119807665,-39.90216631726066,9.612804464679773,1.1477713186867842
2022-11-17 00:00:00,29.1,29.5,28.4,28.88,22684059,30.936031746031755,28.2980027959098,51.58448217014554,28.756333333333338,28.742107944628,25.51038808903575,-38.49180327868855,9.805323538865142,1.14717740563524
2022-11-16 00:00:00,30.95,31.16,29.83,30.04,26540199,30.99646825396826,28.27424780798775,56.43344856717374,28.710761904761902,28.702837415025815,25.45575101006485,-23.27868852459019,10.005543376017927,1.1494532395882833
2022-11-15 00:00:00,30.25,31.815,30,31.57,43036959,31.058849206349212,28.20217628994643,63.7757924513503,28.542761904761903,28.498806108714515,25.365507775683618,-2.7605633802817016,9.910913684571186,1.0996517630595606
2022-11-14 00:00:00,28.85,29.7,28.79,29.07,24426194,31.106626984126986,28.064714097699344,54.86604441314898,28.210190476190476,28.061957940105696,25.227793696455045,-23.944465812230924,9.775069193154454,0.8060310167729277
2022-11-11 00:00:00,28.95,30.435,28.7,29.15,35861055,31.170317460317463,28.02368202005442,55.26998844682004,28.10080952380952,27.924289781017116,25.163171345007257,-22.95189766622417,10.017448792978891,0.8969630705887502
2022-11-10 00:00:00,28.38,29.32,28.1,28.85,35023917,31.226388888888888,27.97770985760766,54.09308109124781,27.96266666666667,27.761392920127467,25.095333422663415,-26.67402821374954,10.269523576796304,1.0933822524625134
2022-11-09 00:00:00,27.31,28.005,26.44,26.55,21186203,31.28404761904762,27.942106178326338,43.51226020334697,27.8347619047619,27.623236612166153,25.035680187397155,-55.210362411444315,10.60940018720904,1.2069014044237414
2022-11-08 00:00:00,27.57,28.33,26.82,27.44,27033898,31.35928571428572,27.998926838666186,47.44119009652663,27.92319047619048,27.788443320371286,25.04468552362851,-44.16804178711894,10.681551079987127,1.2355536208518023
2022-11-07 00:00:00,28.705,28.825,27.615,27.69,19204075,31.432500000000008,28.021740179019908,48.58547564724215,27.91361904761905,27.84857396639227,25.027555947148073,-41.06626633084777,10.828002058801307,1.3799980978247757
2022-11-04 00:00:00,29.44,29.725,28.04,28.39,22304190,31.509880952380954,28.035280594490107,51.83624151832468,27.879476190476193,27.880858455049335,25.003065377124763,-32.3812950532885,11.132787845744227,1.378405872738505
2022-11-03 00:00:00,28.03,29.52,27.71,28.73,28033212,31.576865079365085,28.02080225140807,53.44917490578188,27.77714285714286,27.82029003623749,24.957502549564694,-28.162880432759714,11.533112419398549,1.367843101382611
2022-11-02 00:00:00,29.57,30.16,28.63,28.81,37083453,31.64428571428572,27.991855404526767,53.815033217874934,27.647190476190474,27.706892401727234,24.901303225645954,-27.170312286752964,11.90865556325323,1.435250762062156
2022-11-01 00:00:00,30.07,30.9999,29.12,29.75,87994014,31.700158730158737,27.958461747568677,58.15851941866971,27.51138095238095,27.571146032676978,24.842099298984984,-15.507636571173345,12.292687549643038,1.4559855768516388
2022-10-31 00:00:00,27.61,27.73,26.3,26.57,37327035,31.758134920634927,27.885337737265356,43.94665959763164,27.283380952380952,27.292267501418948,24.75390797212774,-50.273972602739725,12.594448985935047,1.4150243814153876
2022-10-28 00:00:00,27.81,27.88,26.49,27.5,27116701,31.826587301587306,27.939024991847614,48.41215256516374,27.358952380952385,27.423906813494277,24.760375172140407,-37.534246575342465,12.599492368456541,1.4112309343264835
2022-10-27 00:00:00,28.4,28.76,27.66,27.82,16768633,31.89452380952381,27.956944379269963,50.03663098700376,27.34119047619048,27.441992130557797,24.739493456646862,-33.15068493150684,12.640457017890082,1.4231734785330985
2022-10-26 00:00:00,28.17,28.9801,27.865,28.2,17349542,31.961626984126983,27.96253394577078,51.95914946187715,27.286285714285714,27.41879596073116,24.709108202778012,-39.78248425872927,12.910450897241624,1.4309481996214954
2022-10-25 00:00:00,28,28.545,27.33,28.36,17366382,32.03234126984127,27.952841453761422,52.7515956208285,27.19442857142857,27.34178442322068,24.667224340209756,-43.65904365904368,13.23246344635288,1.426017093165436
2022-10-24 00:00:00,27.71,27.98,26.51,27.65,19194218,32.101230158730154,27.936222737588416,49.58322112117809,27.083571428571428,27.235797235063185,24.62024957189911,-51.03950103950107,13.471484705213975,1.4051099601098842
2022-10-21 00:00:00,27.5,28.435,27.16,28.02,20651552,32.17210317460317,27.94790529830631,51.24613267699319,27.036714285714286,27.217965039154016,24.59431919057942,-47.193347193347215,13.59402731314617,1.4025925994386252
2022-10-20 00:00:00,27.32,28.68,27.24,27.87,20835269,32.24531746031746,27.944962657420852,50.6227333757849,26.95366666666666,27.148608796079905,24.55730022592155,-56.69740887132192,13.841845017749701,1.3971134528018831
2022-10-19 00:00:00,27.06,27.73,26.85,27.53,15428466,32.31726190476191,27.948022357723744,49.257095552818924,26.888285714285715,27.094190502645265,24.524653640958185,-59.68379446640317,14.114358056300542,1.4237741218325324
2022-10-18 00:00:00,27.07,27.71,26.495,27.61,25643306,32.39472222222222,27.965084494773695,49.55655359015463,26.86928571428571,27.08259390097906,24.502202196051954,-58.98111550285465,14.193366636652552,1.593604326675853
2022-10-17 00:00:00,25.26,26.265,25.08,25.94,25074914,32.47194444444444,27.979577739458335,42.81797134384859,26.86114285714286,27.06043610097295,24.47749346783943,-73.64953886693017,14.27119605552396,1.8338769724275394
2022-10-14 00:00:00,25.65,26.07,24.66,24.71,22553952,32.5609126984127,28.062825810456637,37.0683847637979,27.038476190476196,27.26807535161533,24.5032512108503,-84.45322793148881,14.028634186821922,1.9866620246030775
2022-10-13 00:00:00,24.47,26.025,24.19,25,32763495,32.65047619047619,28.1996758435365,37.902749572652134,27.36733333333333,27.66868060543324,24.567228980166057,-81.9060166886254,13.730943395108529,2.0470713226460866
2022-10-12 00:00:00,25.05,26.115,24.56,25.98,30945853,32.735436507936505,28.330274857558397,40.78331849997752,27.707285714285714,28.072374929449033,24.624367984954667,-73.29819938515591,13.411148658075282,2.181418059428316
2022-10-11 00:00:00,25.545,26.05,22.94,24.66,92468794,32.817738095238084,28.426204443581188,34.56329302220752,27.987571428571425,28.383885923101094,24.65372629118449,-84.89240228370664,13.131383675379835,2.302626978040516
2022-10-10 00:00:00,28.24,28.45,27.23,27.53,13361029,32.903571428571425,28.579927073931437,43.86573012433082,28.42528571428572,28.910481073169137,24.72409223197927,-81.23132098027496,12.826663742717482,2.1377146675831176
2022-10-07 00:00:00,28.83,28.86,27.92,28.07,19640232,32.98388888888889,28.62278124021435,46.03020065260808,28.613333333333333,29.096136263326937,24.709960297837405,-74.77585176329947,13.21207462004868,2.210270288901337
2022-10-06 00:00:00,29.2,30.24,28.96,29.73,25399517,33.062619047619044,28.645343739814937,53.57642454981054,28.76761904761905,29.226350404454564,24.679882416584597,-54.93126120741185,13.730826199645442,2.237608097947449
2022-10-05 00:00:00,28.48,29.65,28.31,29.18,21458516,33.131190476190476,28.60107205572575,51.11054455937291,28.768333333333334,29.14067904655425,24.599774027781642,-61.506276150627635,14.052975840621315,2.2480121774581208
2022-10-04 00:00:00,27.625,29.25,27.5995,29.19,25462214,33.19638888888889,28.577442343714555,51.15642062098598,28.82547619047619,29.121448498244597,24.535268560675,-61.38673042438734,14.502971306726732,2.245103561085769
2022-10-03 00:00:00,26.76,26.9,25.96,26.72,19940791,33.261984126984125,28.55243999039678,38.494417179592716,28.88023809523809,29.098373170160706,24.469804518569298,-90.91452480573821,15.049756251867636,2.249992222208779
2022-09-30 00:00:00,26.16,27.31,26.16,26.5,23844897,33.342658730158725,28.627233459392567,37.14681000913937,29.181333333333335,29.413130740946357,24.47814479627452,-93.993993993994,15.172267683016033,2.147289628811167
2022-09-29 00:00:00,27.66,27.72,26,26.42,26170831,33.41527777777776,28.71405931487798,36.678337939381684,29.514904761904766,29.79033585695257,24.493942099567704,-94.95495495495494,15.337322895557701,2.017599749702601
2022-09-28 00:00:00,27.43,28.16,27.19,28.04,21290383,33.48710317460316,28.80769438895463,42.65672825147593,29.867238095238093,30.216748191143015,24.513128681298554,-83.74417055296472,15.508980316601036,1.868821754475263
2022-09-27 00:00:00,27.67,28.49,27.16,27.57,22392782,33.55829365079364,28.83902885380992,40.02308528253385,30.068476190476186,30.462497608969947,24.484519368118,-90.0066622251832,15.90987855167417,1.8369787696105797
2022-09-26 00:00:00,27.71,28.16,26.82,26.89,24953815,33.63638888888888,28.890825949883794,36.07901871875964,30.320047619047614,30.796617942020838,24.470171280629827,-99.06728847435043,16.32681271615023,1.7712432780394678
2022-09-23 00:00:00,28.01,28.34,27.36,27.82,26472605,33.7147222222222,28.97249231518517,39.36660723060694,30.64442857142857,31.25685952144274,24.4767087321459,-93.39554917444363,16.691712407830018,1.6467039806838384
2022-09-22 00:00:00,30.19,30.19,28.53,28.58,29038114,33.78480158730157,29.01953281784579,42.2908622018221,30.88880952380952,31.633726013403116,24.456013884005607,-86.58628485305204,17.168815223298616,1.5555879917253155
2022-09-21 00:00:00,31.45,31.675,30.35,30.47,22328370,33.84944444444444,29.037472932859902,51.04720478142611,31.06142857142857,31.941399966697183,24.412668663565405,-58.10097965335348,17.825342219587128,1.548282516209493
2022-09-20 00:00:00,31.49,32.56,31.19,31.49,23652413,33.90456349206349,28.97900244032357,56.95706928550583,31.04138095238095,32.016297789823,24.312152967544655,-42.72795779954791,18.1255829202834,1.647013888830328
2022-09-19 00:00:00,31.44,31.98,31.06,31.49,22867569,33.9375,28.876512744010245,56.95706928550584,30.90757142857143,31.95383835684395,24.179555879714357,-42.72795779954791,18.24377471014539,1.6916752052329667
2022-09-16 00:00:00,30.96,32.145,30.88,31.93,50970679,33.970277777777774,28.769839794786172,59.52009097890682,30.761952380952376,31.880260629709294,24.044997283302827,-36.09645817633764,18.46874365295813,1.6749534321884891
2022-09-15 00:00:00,32.95,34.325,32.7401,33.13,41797089,34.00039682539683,28.640853663961117,67.17532178113248,30.565952380952382,31.733638467645985,23.895184599010115,-18.010550113036924,18.702711353483373,1.614151789640615
2022-09-14 00:00:00,31.25,33.14,31.1,33.05,34493388,34.02162698412698,28.45762320126565,66.91187620987506,30.24419047619048,31.401511890222174,23.70691001478672,-5.467372134038842,18.5049893932351,1.447823452635023
2022-09-13 00:00:00,30.69,31.78,30.22,31.32,29364741,34.04527777777778,28.270179250296902,60.554824394278825,29.926857142857134,31.041250667314717,23.518007859529888,-35.978835978835974,18.494214794816397,1.3771405157063679
2022-09-12 00:00:00,31.95,32.62,31.85,32.5,29349907,34.08,28.145696770717183,68.94426439640516,29.77985714285714,30.87775954022397,23.378231390135504,-15.167548500881828,18.729084580735787,1.4659374986676619
2022-09-09 00:00:00,31,32.05,30.89,31.78,28055864,34.109325396825405,27.967970108297475,66.29884314317897,29.520333333333337,30.5302850915972,23.200846617390617,-27.86596119929451,18.54254558029569,1.4631626703822103
2022-09-08 00:00:00,29.42,30.9,29.29,30.68,29393512,34.14333333333334,27.81237705149329,61.66642387504404,29.331571428571433,30.241909246773524,23.04239805672431,-47.26631393298061,18.450351001243714,1.4977069139187418
2022-09-07 00:00:00,28.91,30.15,28.82,30.03,20632173,34.180595238095236,27.69533121686036,58.53937333553902,29.257666666666665,30.071425508530186,22.914740250956903,-53.19488817891372,18.57258625401335,1.6259132818204052
2022-09-06 00:00:00,29.34,29.37,28.28,28.89,20422802,34.22392857142857,27.600038613466904,52.187466287790954,29.25057142857143,29.969165610211558,22.804939704810238,-42.673031026252985,18.852514598890163,1.6452856135030174
2022-09-02 00:00:00,29.5,29.635,28.6499,29.05,14604356,34.26928571428571,27.547387128302287,53.25068826590197,29.366142857142854,30.009845247874996,22.728142662631235,-39.28896991795806,19.3108949810485,1.675635028877112
2022-09-01 00:00:00,28.17,28.95,27.69,28.92,17828091,34.31829365079364,27.48605599068197,52.52089655043419,29.48057142857143,30.028934131112884,22.645828828207605,-39.57219251336897,19.692943279741502,1.7064854965688985
2022-08-31 00:00:00,29.11,29.8799,28.75,28.76,20740662,34.36472222222221,27.42752766377103,51.65844183856454,29.621333333333325,30.064021741418657,22.566641162298623,-40.998217468805684,20.23770250056429,1.7116500810621313
2022-08-30 00:00:00,29.18,29.29,28.12,28.71,24409322,34.405912698412685,27.3731410378025,51.402279649691195,29.784142857142854,30.12074362790876,22.491557576224764,-41.44385026737967,20.52971434350703,1.6711208065247707
2022-08-29 00:00:00,28.1,29.19,28.06,28.74,17245101,34.4490873015873,27.31857536587607,51.554484114862845,29.954285714285707,30.18598353088778,22.41735437097148,-41.17647058823531,20.958308085541017,1.6466580549707341
2022-08-26 00:00:00,29.51,29.71,28.3601,28.58,16490809,34.49650793650793,27.260558033871014,50.83349552655882,30.10185714285714,30.24937427124365,22.34164734408136,-42.60249554367203,21.425258736739107,2.062232952408626
2022-08-25 00:00:00,28.89,29.64,28.81,29.62,15470918,34.544285714285714,27.2067032597433,55.850323027528546,30.240238095238094,30.3367000790879,22.270145060686424,-33.33333333333332,21.835431310209948,2.5258327339711157
2022-08-24 00:00:00,27.93,29.22,27.85,28.71,20022520,34.59162698412698,27.10820135197772,52.00147796865084,30.249523809523808,30.284682601111648,22.166761431327984,-41.44385026737967,22.148539337816302,2.9209071792852304
2022-08-23 00:00:00,28.06,28.675,27.75,27.81,24298325,34.63710317460317,27.042821815323748,47.82425151558766,30.318714285714286,30.347598740541347,22.089659656740224,-49.46524064171124,22.55480564839772,3.2554834894374753
2022-08-22 00:00:00,28.34,28.805,27.87,28,20233070,34.68944444444444,27.01150842003084,48.654308420690434,30.448571428571423,30.53584132678365,22.03907876287181,-47.64444444444444,23.083391347594883,3.5732230199079376
2022-08-19 00:00:00,29.5,29.57,28.63,29.01,24180912,34.73686507936508,26.971161824930057,53.2132331436072,30.53819047619048,30.711772075977137,21.98269805348044,-34.537514886859846,23.60504190121153,3.786907577430429
2022-08-18 00:00:00,30.56,30.62,29.86,30.15,20831615,34.77992063492064,26.887943940233324,59.00821956334851,30.504428571428573,30.76059771411153,21.895686136115394,-25.13802419828498,23.968467630513146,3.981201420425749
2022-08-17 00:00:00,31.65,31.71,30.44,30.72,24239351,34.82250000000001,26.754798794936722,62.15063551464411,30.333904761904762,30.65082250292331,21.773516945050282,-20.67426289204746,24.0367893693671,4.077980474450558
2022-08-16 00:00:00,32.08,32.725,31.33,32.38,28072342,34.86329365079366,26.592953847791282,72.60692934644827,30.077666666666673,30.444381042800156,21.632681070260332,-7.674536982653955,23.953221162418238,4.140180521426572
2022-08-15 00:00:00,32.1,32.91,31.93,32.49,14149208,34.899484126984134,26.35674788239501,73.36643239217045,29.61709523809524,29.980828406237073,21.4399527391189,-6.813109362151983,23.619439943714095,4.170761800918388
2022-08-12 00:00:00,32.59,32.76,31.7,32.47,21938694,34.93809523809525,26.106411061268275,73.31931284726707,29.098857142857145,29.447371334462915,21.24103763532093,-6.96973256587964,23.09894959765256,4.1423004176423515
2022-08-11 00:00:00,33.16,33.36,32.0415,32.24,24624627,34.97880952380953,25.846672737238407,72.80554700471569,28.531095238095237,28.85502682636206,21.039749644384443,-8.770899408747386,22.57775849740144,4.104123871181278
2022-08-10 00:00:00,32.44,33.19,32.23,32.8,31318068,35.021825396825406,25.585720604064463,76.11944660317685,27.93004761904762,28.227080120547107,20.84239187812473,-3.095360927020918,21.939434538725756,4.072052185323759
2022-08-09 00:00:00,31.37,31.55,30.72,31.06,27042937,35.064285714285724,25.29126022055689,72.50918157465243,27.221857142857143,27.451378450189967,20.625243640816514,-15.326135306724895,21.223078208426532,3.8578042977839093
2022-08-08 00:00:00,32.33,32.955,31.66,31.85,28064916,35.112658730158735,25.055801454049007,77.44526787031927,26.634190476190472,26.830433362182866,20.457273095118325,-8.822355289421134,20.685177135833445,3.7087740225039325
2022-08-05 00:00:00,31.2,32.63,31.04,32.01,39963623,35.16198412698414,24.77848722768366,78.44962653107143,25.920523809523807,26.032038638016928,20.263207981106625,-4.868472712995716,19.857482980631957,3.425317904954225
2022-08-04 00:00:00,29.78,32.23,29.6,31.85,55573597,35.205873015873024,24.483323441058502,78.1869473174044,25.145571428571426,25.125325814621526,20.061536196670055,-3.0806647750303653,19.03615837600697,2.962016374026316
2022-08-03 00:00:00,29.72,31.43,29.36,30.19,62061199,35.245396825396824,24.18264276518334,75.2846561087876,24.342476190476194,24.1440507533356,19.861772360576026,-10.7498916341569,18.230451747573127,2.334227655992448
2022-08-02 00:00:00,28.49,29.43,27.1,29.25,107737256,35.295396825396836,23.937444510701024,73.42545919823132,23.656095238095237,23.288377106594666,19.709200832282434,-1.8877818563188222,17.491494508096682,1.7749171811664906
2022-08-01 00:00:00,23.43,24.62,22.885,24.6,46960678,35.35190476190476,23.720605511137798,59.394665461834606,23.027190476190476,22.473090682166113,19.583081501020644,-4.272634791454676,16.99742615351162,1.0411785389643797
2022-07-29 00:00:00,23.18,23.485,22.39,23.45,29406649,35.426746031746035,23.684711858531177,53.792012394005475,22.82561904761905,22.215085192743402,19.595822123576255,-27.670396744659197,17.422377610249324,0.9757165315807662
2022-07-28 00:00:00,22.89,23.42,22.14,23.31,22886075,35.51103174603175,23.694291934389593,53.05986163824375,22.71933333333333,22.0902295255541,19.644701270367086,-30.518819938962366,18.066613743813136,1.0429256924632744
2022-07-27 00:00:00,23,23.3199,22.49,23.09,28384348,35.60162698412698,23.70997731946672,51.948906041361795,22.61761904761905,21.973336286230516,19.69999885415551,-34.99491353001016,18.718206194069843,1.0338887754492747
2022-07-26 00:00:00,23.15,23.15,22.45,22.55,24402801,35.6918253968254,23.735282516179645,49.20906785197569,22.53204761904762,21.876466193323395,19.764259308723176,-45.981688708036586,19.443356391316996,1.0157424624381912
2022-07-25 00:00:00,23.27,23.54,22.63,23.35,12923042,35.78809523809524,23.78366139439106,53.39752741010019,22.499380952380953,21.84602859040184,19.84731397034983,-29.70498474058998,20.199447424622523,1.0234309942541318
2022-07-22 00:00:00,24.33,24.81,23.085,23.3,20209442,35.88376984126984,23.801361859468248,53.16618028778463,22.389000000000003,21.704251359998473,19.90914094252573,-30.72227873855541,20.982439070845217,1.0078189321500168
2022-07-21 00:00:00,24.02,24.25,23.6,24.23,18325364,35.980079365079355,23.8218256088343,58.152144261293564,22.27895238095238,21.556968454103547,19.974942757845596,-0.45924225028701654,21.67872414200093,0.9765473618826689
2022-07-20 00:00:00,22.89,24.22,22.805,24.12,27844618,36.0725,23.805165429603047,57.716623979001476,22.06733333333333,21.268684570177946,20.01525408027119,-2.3121387283236503,22.541518445453942,0.8592531640907702
2022-07-19 00:00:00,22.75,23.08,22.19,22.67,23148938,36.16059523809523,23.7923150389746,51.54394221259811,21.85495238095238,20.96852339213607,20.06092156553737,-45.32989223585962,23.440120948569504,0.7102393962601623
2022-07-18 00:00:00,22.17,23.2,22.11,22.58,30935860,36.25142857142856,23.8381238160756,51.13278143719908,21.77657142857143,20.840522220118494,20.15245884877927,-60.48565121412807,24.083576809223118,0.6873798076754944
2022-07-15 00:00:00,21,21.78,20.765,21.67,24503631,36.34511904761904,23.88947580856848,46.902684054898906,21.696714285714283,20.715372142604384,20.24978652579108,-73.87785136129504,24.75277090430288,0.7275319580609501
2022-07-14 00:00:00,21.25,21.465,20.5905,20.65,31561675,36.44333333333332,23.980066657897805,41.64512733234019,21.705238095238094,20.70675060507587,20.377745140882062,-88.8888888888889,25.0562563701806,0.7299895547197918
2022-07-13 00:00:00,20.93,21.61,20.72,21.5,18994916,36.54849206349206,24.115987745975268,45.10077515472078,21.813000000000002,20.842169986781936,20.540267115413954,-76.37969094922738,25.27869845176718,0.7023266690080905
2022-07-12 00:00:00,21.28,21.78,20.975,21.57,17373535,36.65396825396825,24.222762756015072,45.38878562447995,21.840142857142855,20.878756604941746,20.681663351984724,-75.3495217071376,25.535548191000487,0.7010884394996112
2022-07-11 00:00:00,21.95,22.25,21.14,21.19,17562117,36.76047619047619,24.331038786872828,43.572362551634,21.870857142857144,20.91386327989039,20.825022526644467,-80.9418690213392,25.85209585748283,0.8153948430055219
2022-07-08 00:00:00,22.43,22.96,21.8321,22.34,20231300,36.871111111111105,24.459244451643144,48.064912248681786,21.958000000000002,21.009513769196076,20.983949053701323,-64.01766004415012,26.212822463035288,1.1064696109699537
2022-07-07 00:00:00,21.64,22.7589,21.61,22.74,22921886,36.971150793650786,24.5457442251796,49.720667730017816,21.952238095238098,20.961050113008174,21.112622155817284,-58.13097866078001,26.721458197757478,1.3728964818951208
2022-07-06 00:00:00,21.5,22.08,21.32,21.5,32689429,37.0740873015873,24.6194480711053,44.186047352826286,21.920571428571428,20.85705751604194,21.23304268195666,-76.37969094922738,27.198968632141696,1.5211931994326033
2022-07-05 00:00:00,21.17,22.55,20.83,22.52,24515795,37.19035714285713,24.746772482170822,48.24225051290853,22.022380952380946,20.918216712535735,21.39448988851315,-61.36865342163357,27.520150458840327,1.5863382363165808
2022-07-01 00:00:00,20.7,21.37,20.43,21.34,20672812,37.30619047619046,24.83766115491249,42.57991602104845,22.034809523809525,20.850179995508853,21.52964616703951,-78.73436350257542,27.8541795586069,1.6231712016913067
2022-06-30 00:00:00,21.11,21.1255,19.895,20.46,30882454,37.42226190476189,24.980422834704836,37.87323392426892,22.175809523809523,20.94313599426645,21.70431037447114,-91.68506254598968,27.88974175476731,1.6547551933745366
2022-06-29 00:00:00,22.11,22.15,21.08,21.47,30704792,37.539960317460306,25.164929889182584,41.49847779865643,22.41242857142857,21.17262252319508,21.910228813808814,-79.87758224942621,27.859661455489498,1.5636351076897705
2022-06-28 00:00:00,22.97,23.46,22.04,22.08,24360150,37.65619047619047,25.31574335404718,43.852571127428625,22.56109523809524,21.292154109648862,22.091039504455466,-70.54322876817143,28.015552131762146,1.527098228667691
2022-06-27 00:00:00,23.45,23.64,22.345,22.86,27153354,37.77138888888888,25.447814511355226,47.01958828514373,22.659238095238095,21.34544927985516,22.25829064845943,-58.60749808722267,28.341405583281123,1.51687334672345
2022-06-24 00:00:00,22.48,23.19,22.3,23.03,38140098,37.88595238095237,25.55343959345136,47.717014476747224,22.684238095238097,21.30225648728539,22.40657828810908,-56.00612088752869,28.733883717263634,1.5157931092335788
2022-06-23 00:00:00,21.63,22.44,21.39,22.37,27010545,37.99623015873014,25.656437127877943,44.76337921797473,22.68833333333333,21.236861362899322,22.553908307242487,-66.10558530986992,29.02686963493936,1.534060298684507
2022-06-22 00:00:00,21.41,22.21,21.3,21.5,32353317,38.107896825396814,25.790577418811736,40.6600709941437,22.75138095238095,21.26169827135757,22.725282927018455,-79.41851568477432,29.13482791181248,1.5629862443412612
2022-06-21 00:00:00,22,22.46,21.69,21.76,35257652,38.217222222222205,25.965703027742826,41.51590786011874,22.908142857142856,21.41535044251446,22.927513496411876,-75.4399387911247,29.18600911787242,1.5298869239260788
2022-06-17 00:00:00,20.37,21.96,20.37,21.81,46728428,38.321825396825375,26.137364375813963,41.67254141966061,23.047714285714285,21.55546736844992,23.127144620400074,-74.6748278500383,29.297269077694917,1.4967513988635524
2022-06-16 00:00:00,21.04,21.4,20.155,20.47,55312350,38.43249999999998,26.313991493194123,35.628706019901685,23.18933333333333,21.70965345210054,23.330448331329634,-95.17980107115535,29.284452029030376,1.4611574179396276
2022-06-15 00:00:00,21.34,22.39,21.24,22.03,36073711,38.548492063492056,26.552521758222454,40.123077050691336,23.46804761904762,22.071144786916054,23.579400751786842,-80.39472776205918,29.125194903023157,1.326843151996497
2022-06-14 00:00:00,21.72,21.9523,20.8936,21.09,43006334,38.65507936507935,26.73711448304786,35.575968262074625,23.608523809523806,22.261428489187207,23.7874747199621,-96.61169001449174,29.10728086452968,1.2990977638345778
2022-06-13 00:00:00,22.22,22.585,21.3429,21.57,33130326,38.76702380952379,26.967608951743692,36.904855340169576,23.850428571428573,22.607417697184633,24.02921478502914,-94.69901168014373,28.974959934088837,1.1750659555956846
2022-06-10 00:00:00,24.8,24.9709,23.65,23.72,29897398,38.88289682539681,27.187919521202616,43.69308631889937,24.060047619047616,22.92935105996321,24.2624756152928,-67.63732627399072,28.897172156602586,1.0851723365438317
2022-06-09 00:00:00,25.94,26.69,25.355,25.44,42149561,38.9872222222222,27.329467256761905,50.60819952859184,24.06285714285714,22.99420309015389,24.436724733140295,-44.8709463931171,29.155229257600844,1.090217753478634
2022-06-08 00:00:00,25.7,26.55,25.3,25.83,31225314,39.08289682539681,27.4065883692828,52.35272510630782,23.888190476190477,22.834519366791973,24.563731026941085,-51.100375738056904,29.719838224753122,1.0462571385658497
2022-06-07 00:00:00,24.2,25.7,24.07,25.3,27453723,39.17539682539681,27.470938914967814,50.185840206029006,23.666095238095238,22.610650002204608,24.6826395406774,-60.04962779156327,30.272074989924665,0.9142680132215059
2022-06-06 00:00:00,24.86,25.435,24.28,24.73,29834677,39.272936507936485,27.559548666599152,47.81582632350739,23.48376190476191,22.443252785346974,24.821023488217584,-70.90526315789472,30.63123538443599,0.8190877547613563
2022-06-03 00:00:00,24.17,24.495,23.725,24.15,24283631,39.376230158730145,27.67504044890932,45.35952879751196,23.36209523809524,22.344178187794572,24.980478179289015,-75.78947368421053,30.936315672688167,0.9676563181212634
2022-06-02 00:00:00,23.07,24.83,22.94,24.74,30669100,39.47952380952379,27.81891965090562,47.47010830554007,23.308428571428568,22.322314452956235,25.161725137133374,-70.82105263157895,31.004884845390183,1.2101457556839998
2022-06-01 00:00:00,23.53,23.87,22.565,22.94,26383612,39.574603174603155,27.9445898407385,39.49449936302627,23.214571428571432,22.22464464678326,25.329921053992543,-85.97894736842103,31.07619678500028,1.5454076323093526
2022-05-31 00:00:00,23.5,23.9,23.034,23.2,33194791,39.68511904761904,28.148858813829868,40.315503979198056,23.323238095238096,22.373278104191876,25.556857437142284,-83.78947368421052,30.8912808894863,1.970243385980524
2022-05-27 00:00:00,23.49,24.13,23.33,23.67,29710278,39.795357142857135,28.350853051129047,41.773129017865934,23.44138095238095,22.509953062756566,25.78159882332462,-79.8315789473684,30.760988244560863,2.388301645521352
2022-05-26 00:00:00,22.15,23.28,21.925,23.1,30199398,39.90313492063491,28.54190827770574,39.30173305854668,23.55195238095238,22.604584243410123,25.99775981859125,-86.10582413399312,30.664600981452818,2.8283456295156006
2022-05-25 00:00:00,21.71,22.355,21.275,22.04,31224767,40.0126984126984,28.764026982918217,34.50109163836194,23.763095238095243,22.796406154984947,26.236515213090165,-94.17586600685192,30.336592940887513,3.287055064947954
2022-05-24 00:00:00,23.69,23.74,21.41,21.55,40695064,40.12809523809523,29.038477063853655,32.19931822727027,24.11633333333333,23.163249475322008,26.513084033339226,-98.92307692307692,29.73530513919703,3.3940033883306597
2022-05-23 00:00:00,23.32,23.83,22.71,23.78,35146796,40.24281746031745,29.344129188908905,37.81521597805841,24.562809523809523,23.644680430069485,26.811029842341085,-83.5691823899371,29.12442391350754,3.457735675264956
2022-05-20 00:00:00,23.81,24.1,22.41,23.35,32104721,40.34698412698411,29.571236502741918,35.81067835969522,24.83814285714286,23.877256441712824,27.04875909455039,-86.9496855345912,28.632658470360017,3.65918009942118
2022-05-19 00:00:00,22.29,23.81,22.2,23.24,36461194,40.44805555555555,29.825164523261996,35.31537566924078,25.19004761904762,24.20186586076442,27.30524771487932,-87.81446540880505,28.121222409486595,3.68281617787258
2022-05-18 00:00:00,23.98,24.1882,22.34,22.46,35747320,40.55158730158729,30.093946748701264,31.853019403569377,25.592619047619053,24.58391364704924,27.571213811076497,-93.94654088050315,27.51215312672019,3.7061180499277135
2022-05-17 00:00:00,24.32,24.9,23.59,24.2,33859419,40.65876984126982,30.405536411913562,35.825203017751576,26.12066666666666,25.12166901926269,27.86703684165505,-80.26729559748429,26.893163694894692,3.7204844778603765
2022-05-16 00:00:00,24.31,24.46,23.4,23.59,27285196,40.75785714285713,30.65882361239983,33.109781681197006,26.528714285714283,25.48349569776456,28.11732429161632,-85.06289308176102,26.381420118108124,3.8167112479201246
2022-05-13 00:00:00,23.88,24.8711,23.68,24.39,53577608,40.85277777777776,30.94734702515084,34.90857083570424,27.033904761904765,25.974983753946773,28.392000307227043,-78.77358490566037,25.737552738978454,3.707788390671722
2022-05-12 00:00:00,22.15,24.06,21.69,23.29,63999349,40.944166666666646,31.214993842503933,30.056953934865533,27.502380952380953,26.414912513727174,28.64903069532425,-87.42138364779876,25.09641246832519,3.6438796632161163
2022-05-11 00:00:00,23.28,24.15,22.5,22.57,51137731,41.02825396825395,31.538462978932664,26.738037087978896,28.120095238095235,27.059706673173146,28.945333640083796,-99.50389794472005,24.227125214735622,3.435084278442088
2022-05-10 00:00:00,23.85,24.55,22.8,23.67,47982539,41.11253968253966,31.904522692358483,28.667884542886767,28.851238095238095,27.8778854609673,29.270228803949323,-93.8428874734607,23.398586925208388,3.0375534563197397
2022-05-09 00:00:00,25.41,26.065,22.8,23.05,58076402,41.2019841269841,32.24062565939352,25.86750833958564,29.517476190476188,28.635838223424273,29.569401369433805,-98.23071479122434,22.565113510672088,2.6550865805091926
2022-05-06 00:00:00,26.84,26.84,24.75,26.07,56575091,41.2922222222222,32.61575323732795,31.45241379394197,30.285619047619047,29.563839711923023,29.894176423539747,-89.16256157635468,21.698301159554333,2.0107299047858214
2022-05-05 00:00:00,27.87,28.83,26.2,26.83,52804190,41.375396825396805,32.88292683885154,33.12358331492064,30.795666666666666,30.176722080055733,30.135304311850717,-91.68789381954686,20.98281242931372,1.6555134399937685
2022-05-04 00:00:00,27.41,28.4,25.9,28.1,115601799,41.4540476190476,33.12998507717201,36.09989126732952,31.264666666666667,30.752694811869425,30.35922704517145,-80.95238095238093,20.39191261411361,1.331714965749052
2022-05-03 00:00:00,30.15,30.59,28.85,29.47,58340743,41.545634920634896,33.335290590525965,39.67048307188206,31.64538095238095,31.21702182260126,30.55021010280847,-92.79069767441864,19.677402447566035,1.2254830680184856
2022-05-02 00:00:00,31.24,31.35,29.51,30.39,45569984,41.63896825396824,33.493057553404576,42.278026776555656,31.92914285714286,31.54381156103514,30.704565593824427,-88.91687657430732,19.275731850304837,1.41641263408655
2022-04-29 00:00:00,32.52,33.15,31.41,31.48,24948561,41.73603174603173,33.61971296374762,45.5736038054702,32.15190476190475,31.780469934864904,30.835116570969475,-81.89300411522635,18.944157524813487,1.5294603623500673
2022-04-28 00:00:00,31,32.87,30.98,32.82,30251634,41.82845238095237,33.707048186757724,50.02501374563516,32.290857142857135,31.893938207767313,30.936252786272043,-63.511659807956114,18.867923699390904,1.6286709305442886
2022-04-27 00:00:00,31.1,31.98,30.16,30.68,30762551,41.91619047619046,33.743254235196815,41.56020399409934,32.320095238095234,31.836800582830513,30.999840728166497,-92.86694101508918,18.724294113481733,1.810900604671609
2022-04-26 00:00:00,32.04,32.2,31,31.33,26981913,42.026349206349195,33.868285020306885,43.6452538406906,32.58414285714286,32.071358894488554,31.130047660156336,-87.55364806866956,18.367187159100794,1.9233873114898097
2022-04-25 00:00:00,30.59,32.5,30.46,32.44,29416342,42.128849206349194,33.9718884905235,47.417522062880536,32.80266666666667,32.24311288013115,31.244091942645177,-71.67381974248931,18.111631411924783,1.8791952399897138
2022-04-22 00:00:00,31.62,32.225,30.8,30.83,22748875,42.22873015873016,34.03441455136119,40.49007603854512,32.92319047619047,32.281927539681696,31.327774746594073,-99.54887218045117,17.845853434861734,1.8612213060246219
2022-04-21 00:00:00,34.25,34.41,31.37,31.68,32937079,42.33626984126984,34.16520698202899,43.28574238860288,33.21547619047619,32.549101353795066,31.462492294950593,-80.36211699164346,17.615213594247496,1.75006542734836
2022-04-20 00:00:00,33.99,34.32,33.18,33.21,21330537,42.43388888888889,34.26664400170364,48.93283553436712,33.43338095238095,32.72897962959504,31.57509803117508,-50.53635280095351,17.452131988852837,1.6872954690865496
2022-04-19 00:00:00,32.16,33.99,31.97,33.8,23319577,42.5234126984127,34.30977232830379,51.33074942354449,33.506238095238096,32.7185005624433,31.644640007003034,-42.196531791907574,17.542836148339916,1.684424233974327
2022-04-18 00:00:00,32.55,32.605,31.42,31.79,24413827,42.60944444444444,34.330579362112104,42.40177295824028,33.5142380952381,32.627484645936065,31.69859080790509,-65.43352601156072,17.569051646757945,1.739676406691773
2022-04-14 00:00:00,32.86,33.465,32.64,32.68,18763002,42.71285714285714,34.434276478933,45.861178664372574,33.72114285714286,32.806300062883494,31.8150283589015,-55.14450867052025,17.299663979365594,1.6777361979763084
2022-04-13 00:00:00,32,33.11,31.93,32.63,20186411,42.82265873015873,34.5058796005221,45.62977302340749,33.84409523809524,32.88303777445895,31.90777188481899,-55.72254335260115,17.19145771109657,1.671636623192971
2022-04-12 00:00:00,32.4,33.095,31.71,31.99,32619822,42.93420634920634,34.582446114829125,42.71975768674206,33.971714285714285,32.97665583596451,32.00468301563421,-59.52705428300429,17.00141717982348,1.6724443189535485
2022-04-11 00:00:00,31.36,32.69,31.11,32.04,19680280,43.04230158730158,34.688260241965004,42.88627438795798,34.14985714285714,33.170259086574475,32.12363221990106,-58.981934738288125,16.800573138458695,1.8597055546510577
2022-04-08 00:00:00,31.92,32.551,31.58,32.05,17991006,43.15579365079364,34.79635249673908,42.91734194803207,34.310047619047616,33.37897690760881,32.24425590811018,-58.87291082934492,16.507072665111636,2.080203355443885
2022-04-07 00:00:00,33.34,33.34,31.02,32.27,34581042,43.264484126984115,34.90844851701414,43.56200787022208,34.463142857142856,33.60972829688772,32.367789719100145,-56.47438483259376,16.261695980251492,2.1498787756522453
2022-04-06 00:00:00,33.855,34,32.55,33.41,28854792,43.36531746031745,35.016140293218804,46.95582855636195,34.58642857142858,33.835641699871644,32.487956300390955,-44.04565921306548,16.006504227996945,2.245970781199078
2022-04-05 00:00:00,36.35,36.61,34.72,34.96,20984153,43.462222222222216,35.081697039880794,52.078305491980274,34.59204761904763,33.92910212016661,32.576944862641206,-27.146953326864594,15.93643044233912,2.290672172092724
2022-04-04 00:00:00,36.4,36.93,36.215,36.51,20230463,43.54924603174602,35.08666426599837,57.948432724576236,34.42995238095238,33.819636074295964,32.62176268792801,-10.248247440663787,16.17341833272286,2.337493529402808
2022-04-01 00:00:00,35.68,36.48,35.4,35.98,16793293,43.63472222222221,35.02856892991667,56.38758590153018,34.08242857142857,33.48618136040909,32.62151977878247,-16.026514614655053,16.659435369662393,2.4241202527927523
2022-03-31 00:00:00,36.5,36.73,35.37,35.68,20608652,43.7197222222222,34.989735008688776,55.51981438544554,33.75609523809524,33.19263236458634,32.63802477306662,-19.29723188295196,17.083173970178816,2.3989044895535128
2022-03-30 00:00:00,36.66,37.0885,36.205,36.58,22306544,43.80670634920633,34.961560927410765,58.777768227152876,33.439476190476185,32.911834368814624,32.664683483778965,-9.485080078061165,17.523862114715893,2.293801375446445
2022-03-29 00:00:00,35.57,37.45,35.57,37.19,37969049,43.877857142857124,34.89550218975406,61.03177687438043,33.02504761904762,32.4799982078017,32.66552183105301,-2.834621632524067,18.113189311145433,2.120130361557987
2022-03-28 00:00:00,34.14,34.91,33.73,34.77,22175227,43.942420634920616,34.80184921790728,54.62121326897958,32.53680952380953,31.92190719286159,32.64876658418913,-19.323251276825758,18.726089595432153,1.8370990038645176
2022-03-25 00:00:00,34.55,34.92,33.55,34.06,28078801,44.01615079365077,34.80314918598513,52.49204366102191,32.28504761904762,31.643033121364702,32.70542468212254,-36.82134545414811,18.916467448191234,1.947142200765009
2022-03-24 00:00:00,34.74,34.95,33.44,34.7,49533577,44.09809523809521,34.83348180582125,54.63783661654437,32.10528571428571,31.437170915426556,32.78541897296512,-29.828567682440443,19.114460415060677,2.0023607941627306
2022-03-23 00:00:00,32.71,33.68,32.57,33.06,19024734,44.17424603174601,34.83893004279355,49.750088391712374,31.86538095238095,31.126133741148003,32.848515074793255,-47.74756072244132,19.320373100604897,2.0134023442918707
2022-03-22 00:00:00,31.93,33.6,31.84,33.35,21852813,44.25166666666664,34.91153943229533,50.646135509699896,31.778476190476194,31.013920590795706,32.96311553237956,-44.5789582946363,19.303021922462577,2.004050585688894
2022-03-21 00:00:00,32.82,32.82,31.25,31.98,35200551,44.33158730158728,34.97527573565432,46.41223635329552,31.665523809523812,30.855427701554653,33.07206426581371,-64.30589165373156,19.2701973472742,2.015210658963474
2022-03-18 00:00:00,32.52,33.42,32.33,33.36,35827779,44.425674603174585,35.09753188813001,50.46126971765205,31.695904761904764,30.875150201712948,33.22529405795379,-64.4153952794718,19.09293600744227,2.0875030538899813
2022-03-17 00:00:00,32.34,32.92,31.57,32.85,27278649,44.51980158730157,35.16845155703327,48.93239914409172,31.606047619047622,30.712596957771538,33.340776895521124,-67.9862487134425,19.034612325267542,2.2066541981017327
2022-03-16 00:00:00,30.53,32.635,30.27,32.61,34688771,44.61043650793649,35.26308223283055,48.23428823795186,31.58252380952381,30.609785952707583,33.47473245177682,-69.66665032942873,18.88365433444907,2.3857663339061514
2022-03-15 00:00:00,29.52,30.41,29.06,29.8,33057263,44.70468253968253,35.37137130355832,39.197580817252515,31.603190476190477,30.536063574970015,33.61938731738149,-89.3413525832674,18.675716251374286,2.578441583592694
2022-03-14 00:00:00,30.51,30.55,28.8,29.27,41897395,44.819960317460314,35.59877421390763,37.2799759917125,31.914285714285715,30.84927230350071,33.852438702971526,-93.05223948523698,18.040471275683792,2.507642867315839
2022-03-11 00:00:00,31.3,31.39,30.42,30.76,29454687,44.94265873015873,35.857091528761,40.6246483826975,32.30452380952381,31.27528478733425,34.10691366214629,-82.6197461193225,17.379816500965678,2.3925297803789194
2022-03-10 00:00:00,30.86,31.145,29.84,30.41,30785877,45.06007936507937,36.065136080955334,39.43952288534463,32.58614285714285,31.547028970229242,34.3223262645869,-85.07033180930243,16.850454860692498,2.4944760972997924
2022-03-09 00:00:00,31.75,32.73,31.2,31.5,33734505,45.17333333333334,36.29595796181065,41.85545061997417,32.94766666666667,31.90208015201423,34.5533551816701,-77.43850780336501,16.25373922809124,2.744351289467149
2022-03-08 00:00:00,28.51,31.57,28.2777,30.74,55014737,45.27722222222223,36.491711348007,39.454192918621,33.23795238095238,32.15035109742126,34.75688623642428,-82.75977958732138,15.768291835536377,2.8112054353959977
2022-03-07 00:00:00,31.48,31.9384,28.55,28.57,60265807,45.37448412698413,36.72647507649708,32.009641170749816,33.632999999999996,32.535781506632276,34.98813350134314,-99.85724482512491,15.046052035912481,2.740407998820614
2022-03-04 00:00:00,31.5,31.73,29.27,29.83,52160494,45.47222222222223,37.05939242655819,34.282391438731224,34.27509523809524,33.266977103808564,35.29015633175165,-95.78630549285178,14.320455636307866,2.3596431933663196
2022-03-03 00:00:00,34.22,34.2914,31.415,31.72,38337646,45.57424603174604,37.35446966845852,38.044865751257966,34.81961904761905,33.90637194384564,35.56094802430601,-84.35797665369653,13.633025561303661,2.009885257918969
2022-03-02 00:00:00,34,34.22,32.97,34.04,26112459,45.65896825396827,37.58444802227316,43.48462473418851,35.21009523809524,34.3569224236319,35.78086876594218,-66.30350194552531,13.130721700963734,1.8342627946943697
2022-03-01 00:00:00,35.45,35.6,33.65,33.89,31436210,45.74654761904763,37.72911937012104,42.99528217025376,35.401380952380954,34.53921888187218,35.93591613470281,-67.47081712062257,12.777173086615916,1.8823104818281173
2022-02-28 00:00:00,35.26,36.31,34.9845,36.03,44865191,45.82892857142858,37.8858181199219,48.56607799412894,35.623666666666665,34.765841974430344,36.099246782032516,-50.817120622568105,12.486389200968274,1.8359368180849795
2022-02-25 00:00:00,34.84,35.2717,34.01,34.98,23691460,45.9018253968254,37.96156579828606,45.33935224929264,35.63823809523809,34.725463168307485,36.201974559875964,-58.98832684824906,12.339925298131762,1.8489215775689352
2022-02-24 00:00:00,29.97,34.95,29.71,34.87,42963100,45.96837301587303,38.0832623614814,45.00371942002665,35.748571428571424,34.83035510010617,36.3390542030618,-59.844357976653725,12.011698994575482,1.8876447626606017
2022-02-23 00:00:00,33.89,34.2099,32.3,32.39,27254847,46.03416666666668,38.214415927256155,36.89123976135047,35.86904761904762,34.966097937273965,36.482830505349646,-99.12280701754382,11.615334306499104,1.890056877451046
2022-02-22 00:00:00,34.21,35.1,33.28,33.68,28731344,46.119563492063506,38.452147189593134,39.721309976777775,36.23728571428571,35.46282145067368,36.70488903225191,-91.22098890010093,11.505661069387276,1.715448265031621
2022-02-18 00:00:00,35.52,36.325,34.67,34.68,28178409,46.20813492063493,38.64692870753571,42.04293792522245,36.49504761904762,35.837874970976216,36.89312813780047,-83.16831683168319,11.516748602046665,1.6105814943677947
2022-02-17 00:00:00,36.13,37.43,35.41,35.71,28432069,46.290000000000006,38.80884416498614,44.53235257350972,36.66357142857142,36.11824944556222,37.05559962484063,-74.31355181576617,11.714469596807609,1.5666412320630396
2022-02-16 00:00:00,36.63,37.39,36.27,36.58,33165886,46.38000000000001,38.9353276002917,46.70120297089197,36.74404761904762,36.28972016172738,37.19087111029674,-66.81338028169017,12.023174015380157,1.5842364091258598
2022-02-15 00:00:00,35.44,37.21,35.11,37.09,38183480,46.468968253968264,39.031463420711766,47.972997802490035,36.74776190476191,36.36290027776521,37.30321174167098,-62.32394366197182,12.46634967232498,1.6096052311048192
2022-02-14 00:00:00,35.2,35.99,34.32,34.59,44556745,46.563095238095244,39.11070682563878,40.61130057273291,36.70919047619047,36.37721001664903,37.40300841315439,-84.33098591549295,12.901243512620967,1.6540148125092466
2022-02-11 00:00:00,37.96,38.65,34.48,35.29,72568418,46.66599206349207,39.295225471583215,42.16243034627704,36.94166666666667,36.741779361477505,37.58075780366788,-78.16901408450707,13.175463976321224,1.886962903715915
2022-02-10 00:00:00,41,42.56,37.35,37.75,113914950,46.76654761904763,39.45870406226008,48.16575755705083,37.14357142857143,37.051582004681144,37.74154025355108,-62.261268143621095,13.481535173606197,2.229378837254897
2022-02-09 00:00:00,38.81,40.4,38.16,40.19,52614106,46.85765873015873,39.52844708520947,55.435603238689254,37.136380952380954,37.05790068732083,37.83193997951486,-43.621084797555405,13.841193276482473,2.545434098538007
2022-02-08 00:00:00,37.25,38.57,36.95,38.34,25857624,46.948888888888895,39.5014449254221,50.13698608817442,36.91314285714285,36.7318610336555,37.85113694491892,-57.75401069518714,14.257063895743832,2.8108511166548817
2022-02-07 00:00:00,36.985,39.05,36.985,37.54,30243750,47.03329365079366,39.54885084074545,47.63703015028884,36.88638095238096,36.63091983115013,37.92704304004613,-63.86554621848741,14.38921358073944,2.995553204334718
2022-02-04 00:00:00,35,37.355,34.36,37.05,33082059,47.11960317460319,39.63084475261262,46.10006696821747,36.95471428571429,36.63404923075505,38.029140993638656,-67.60886172650882,14.531410386344183,3.084791524560452
2022-02-03 00:00:00,36.08,36.74,34.3,34.54,32192064,47.205039682539706,39.73618535476007,37.353702741711714,37.09342857142857,36.70952028437849,38.148607860646614,-86.78380443086327,14.385025421349713,3.176888847599172
2022-02-02 00:00:00,38.53,38.62,37.03,37.17,19591090,47.2975396825397,39.94827455291354,44.356928805498974,37.51261904761905,37.14358639780847,38.3466928233305,-66.69213139801374,14.12071149705116,3.199537896321904
2022-02-01 00:00:00,37.63,38.705,37.2,38.61,19669916,47.37670634920637,40.061673514256945,49.03054765998224,37.71585714285714,37.2644463138786,38.469995608118474,-55.69136745607335,14.201594268639465,3.38369975027336
2022-01-31 00:00:00,35.34,37.54,35.3,37.4,22880346,47.4475396825397,40.12092549443069,44.46495517681853,37.80738095238095,37.20348150304373,38.5528814615878,-64.93506493506496,14.309573313493987,3.526091178628256
2022-01-28 00:00:00,34.17,35.22,32.81,35.21,28007148,47.508492063492085,40.23198367787684,34.62287078041568,38.035714285714285,37.307404084227464,38.67443146388336,-81.66539343009931,14.213092303194923,3.524854429618335
2022-01-27 00:00:00,35.37,35.79,33.94,34.09,26086745,47.57087301587303,40.43696260350446,28.615067015861726,38.508095238095244,37.72866446969792,38.86496719110534,-95.31880548829696,13.653058858214084,3.412225080500992
2022-01-26 00:00:00,36.07,36.68,34.45,34.8,29495872,47.64027777777779,40.69602230160668,30.251476992004513,39.12699999999999,38.35253673195512,39.09360802666645,-89.58837772397095,13.209432801860569,3.143568473884417
2022-01-25 00:00:00,35.47,36.09,34.515,34.82,29576954,47.69309523809525,40.93667627310083,30.296796065052007,39.71514285714285,38.947222935405016,39.30593338382032,-89.42695722356737,12.812565541957637,2.8718173253185864
2022-01-24 00:00:00,34.91,36.42,33.51,36.28,49280929,47.760952380952396,41.186336529145755,33.72111790114545,40.34014285714286,39.604279474969495,39.52240606873937,-77.64326069410814,12.27955943092696,2.526675434241605
2022-01-21 00:00:00,37.41,37.6,35.845,35.94,41486756,47.83242063492065,41.38659516298844,32.0606102104302,40.862428571428566,40.13095511899039,39.69968012077678,-99.05519641969171,11.725233075455057,2.2926369097613346
2022-01-20 00:00:00,38.29,39.64,37.75,37.82,21720081,47.90531746031747,41.608905169641034,36.79355848431404,41.450809523809525,40.761361151604106,39.89122639923285,-75.5846585594013,11.43860553909882,1.8745122032144792
2022-01-19 00:00:00,38.21,38.89,37.115,37.86,35529360,47.97662698412701,41.76355436023862,36.90118461847623,41.87990476190477,41.199476196473746,40.030387094903304,-72.95825771324866,11.411039402859528,1.5963065964907872
2022-01-18 00:00:00,40.96,40.96,38.37,38.41,36902203,48.05011904761906,41.92288310963612,38.33282791050029,42.31395238095238,41.67851383420718,40.17157558628189,-67.96733212341202,11.236181113649575,1.3738117593032901
2022-01-14 00:00:00,42.4,42.72,40.355,41.51,25817795,48.12111111111113,42.06626609370289,48.09957874289818,42.70166666666667,42.13188020106213,40.299448183186755,-39.83666061705991,11.24077294310564,1.2062416839091574
2022-01-13 00:00:00,43.34,43.92,42.725,42.87,17190076,48.17670634920636,42.08897083222138,53.67021948689532,42.775999999999996,42.20464780836694,40.336845061670296,-27.495462794918353,11.572297372878499,1.585712694658146
2022-01-12 00:00:00,43.99,44.1,42.535,43.04,18940522,48.23242063492066,42.05709209067939,54.401527448943746,42.69680952380951,42.09690830704288,40.334403032372265,-25.952813067150636,11.695384179654935,1.8517539658388744
2022-01-11 00:00:00,42.36,44.17,42.19,43.62,22160976,48.29734126984128,42.01697340050304,56.8558785750323,42.573904761904764,41.95402448540128,40.3271998689895,-20.68965517241381,11.823394458702428,2.10642463667704
2022-01-10 00:00:00,41.48,42.81,40.16,42.6,29783757,48.35654761904763,41.95154374338071,53.424483061428795,42.35819047619048,41.71591812328571,40.30277989300082,-29.945553539019947,11.956525148911819,2.432729948021359
2022-01-07 00:00:00,42,42.65,41.2,41.51,24875831,48.404126984127,41.92507614106972,49.433761364270694,42.21138095238095,41.593582943159426,40.309040399827765,-39.83666061705991,12.329342727163485,2.6172930195146287
2022-01-06 00:00:00,43.11,44.08,40.97,42.03,32434252,48.45083333333335,41.94201802437868,51.384121710295105,42.14947619047619,41.60892368052684,40.34871195592884,-35.1179673321234,12.514235895676494,2.7238979422878535
2022-01-05 00:00:00,44.29,45.9,42.86,43.24,28498663,48.506785714285726,41.93842692333291,56.172787414172454,42.02271428571428,41.55425870298581,40.37392469226514,-24.137931034482737,12.706524790930022,2.7450644801169974
2022-01-04 00:00:00,44.23,44.8,42.58,44.42,30845320,48.54345238095239,41.88530149163221,61.35020968359317,41.75614285714286,41.32715991793364,40.36358297566444,-3.830645161290279,12.516482254131944,2.736592589334408
2022-01-03 00:00:00,42.48,44.405,41.89,43.95,26364965,48.58150793650795,41.781844409658014,59.98616383156851,41.348952380952376,40.91399633635591,40.31787664579967,-4.77690288713909,12.495035672734332,2.60762818476868
2021-12-31 00:00:00,42.53,43.12,41.93,41.93,13746893,48.610039682539686,41.693348263113435,53.426360263560596,40.94795238095238,40.52338255842294,40.285845967645294,-25.55438225976771,12.538018334618725,2.61414321528106
2021-12-30 00:00:00,42.29,43.34,42.2,42.66,13516258,48.64603174603175,41.68368900854664,56.53662481269506,40.72119047619047,40.37195167753439,40.31450425228083,-17.84582893347418,12.803753828182163,2.5862480546150244
2021-12-29 00:00:00,42.72,42.93,41.815,42.46,15908613,48.68765873015874,41.64383958032405,55.8832418808607,40.39328571428572,40.10563433717288,40.32216065792702,-20.378151260504186,13.026051471538677,2.591762141864103
2021-12-28 00:00:00,42.6,43.74,42.3,42.54,21480952,48.726587301587315,41.610526910133196,56.19702746588414,40.06319047619048,39.84105229028094,40.33643301646756,-22.154471544715452,13.32770204781634,2.493131364368913
2021-12-27 00:00:00,43.44,44.24,42.8201,42.96,28284981,48.764007936507944,41.57258923299577,57.77861466441272,39.711952380952376,39.54013961938408,40.34901328718634,-22.64241263762568,13.548261464203138,2.364689408780781
2021-12-23 00:00:00,43.03,44.35,42.76,43.91,21763417,48.80337301587302,41.51596022209763,61.40854451631091,39.309095238095246,39.15262756800546,40.34961694281262,-16.078066914498184,13.677178544903589,2.2073060503699984
2021-12-22 00:00:00,41.95,43.23,41.45,43.02,27675666,48.842261904761905,41.418244312795494,59.177477244440254,38.807047619047616,38.596896781267176,40.32202420032879,-30.89983022071303,13.811252308832056,2.020725797826118
2021-12-21 00:00:00,39.82,42.08,39.82,41.97,28385155,48.884960317460326,41.35286652964429,56.41720991163421,38.38814285714285,38.109899310184495,40.32114734206356,-39.81324278438031,14.125150312966841,1.9849062320422093
2021-12-20 00:00:00,38.45,40.1491,38.08,39.7,28153739,48.923968253968255,41.32767740840528,49.5722160297254,38.0722380952381,37.72159471214501,40.35235104940611,-59.083191850594204,14.64133716445578,2.041974779472068
2021-12-17 00:00:00,37.2,40,36.74,39.68,51048124,48.9673015873016,41.39411322099325,49.507336787639325,37.99409523809524,37.611193882698494,40.45306584825963,-59.25297113752123,14.92551498129345,2.3703786089989927
2021-12-16 00:00:00,38.25,38.5765,37.125,37.7,31478392,49.01075396825397,41.46407702593175,42.73434360473775,37.94319047619048,37.49773374877589,40.55684936376603,-76.0611205432937,15.192557800874868,2.7182576680660717
2021-12-15 00:00:00,36.91,38.375,36.24,37.83,37612574,49.061507936507944,41.61771282290856,43.0867056555965,38.111380952380955,37.65156713320548,40.72285368034903,-74.95755517826828,15.189837966030174,2.9006971575812597
2021-12-14 00:00:00,35.25,38.45,35.21,37.26,45491730,49.11376984126985,41.77231334629258,41.10972465176574,38.304952380952386,37.80964990835889,40.88870606278285,-81.35526831179008,15.146004842603016,3.1786363035113023
2021-12-13 00:00:00,36.18,36.308,34.88,35.73,38394720,49.17011904761905,41.956489401243296,35.52767077711263,38.58304761904762,38.06900656387492,41.07549944778737,-93.86724386724391,15.10041839423877,3.2196987436715245
2021-12-10 00:00:00,37.41,37.87,36.61,36.67,25760609,49.23718253968254,42.21063182578384,37.55868298237433,39.05157142857143,38.572556765653054,41.312589902737216,-89.54005934718099,14.607475676848548,3.2211930631367
2021-12-09 00:00:00,38.44,38.7,37.475,37.54,22994806,49.307341269841274,42.436780063570936,39.499309760206685,39.462047619047624,39.00478211267586,41.526505016797515,-83.0860534124629,14.328112516196228,3.1338490710307023
2021-12-08 00:00:00,38.3,39.41,38.01,38.81,29688552,49.3718253968254,42.63664863759424,42.47409474773288,39.81747619047619,39.36757572746564,41.71887501273958,-73.66468842729968,14.163620586700793,3.071166879217083
2021-12-07 00:00:00,39.4,40.22,37.76,38.08,40443330,49.42817460317461,42.79283837790421,40.064843028924166,40.08385714285715,39.59827056801632,41.877193509016934,-79.08011869436203,14.072431311584264,3.1487776993620864
2021-12-06 00:00:00,35.95,38.69,35.44,38.49,36680786,49.49055555555556,42.98519912802275,40.959485521852294,40.45695238095238,39.958823076336344,42.06106592799158,-76.03857566765576,13.977594465463072,3.1713607095377836
2021-12-03 00:00:00,37.42,37.84,35.26,35.85,47392730,49.55551587301588,43.16867664345225,31.862254513525386,40.83242857142856,40.30533397787046,42.23662465272062,-95.62314540059344,13.556538200915526,3.2559604957677224
2021-12-02 00:00:00,36.55,38.395,36.45,38.12,32266969,49.62166666666668,43.46739813910336,36.332033420062636,41.50419047619048,41.05679133870615,42.49565119455578,-82.07109737248841,12.927409359109301,2.9352244803421756
2021-12-01 00:00:00,39.45,39.5,35.8,36.02,47361328,49.68107142857144,43.68565928763819,27.60819304326246,41.99595238095238,41.57760389329386,42.69177241719662,-98.29984544049455,12.427296392016178,2.7791514442361707
2021-11-30 00:00:00,39.25,39.95,37.035,38,55255940,49.73507936507938,43.99854334019485,31.371633761246287,42.72042857142857,42.445939742741686,42.955466325721524,-91.7556599743699,11.90717890623933,2.2305853491852754
2021-11-29 00:00:00,41.06,41.25,38.78,39.7,27724438,49.78134920634922,44.24338184387627,35.196790222132506,43.28661904761905,43.13450929369102,43.165063877375275,-90.67201604814443,11.530869543276664,1.8215638885309502
2021-11-26 00:00:00,39.61,40.62,38.77,40.52,35453586,49.82507936507938,44.42882600076918,37.23001565751597,43.71052380952381,43.662425228634575,43.327903089757136,-82.44734202607823,11.394623135456651,1.5412459245688201
2021-11-24 00:00:00,42,42.37,41.24,42.08,17118201,49.86587301587303,44.588369919167924,41.4610747681353,44.075857142857146,44.13371834702487,43.46956348325844,-88.80000000000004,11.119816666639817,1.298154074060548
2021-11-23 00:00:00,42.38,43.1399,41.6,42.68,17909396,49.90230158730161,44.69075236484825,43.21508959537625,44.305238095238096,44.439898862345885,43.56729759490497,-84.87394957983196,11.234587490595645,1.1898036602734074
2021-11-22 00:00:00,43.96,44.4,41.805,42.6,31355201,49.93150793650795,44.7728238899441,42.916097010990896,44.49338095238095,44.69578456956838,43.64915837728054,-88.53640951694302,11.418065115285213,1.158224827052157
2021-11-19 00:00:00,43.93,44.72,43.5,44.23,21465519,49.95464285714288,44.86151057932957,47.664352803185146,44.70400000000001,44.98962883397092,43.73532335866363,-70.8239234302746,11.64494638277824,1.078217394591647
2021-11-18 00:00:00,44.53,45.325,43.575,45,27839873,49.97460317460319,44.88728652134302,50.095616417814355,44.76547619047619,45.08920769574852,43.77431637821195,-58.99433101350419,12.02701558739558,1.0797892155416255
2021-11-17 00:00:00,45.36,45.64,43.9,44.11,24186352,49.99091269841271,44.88268597119375,47.20531489182685,44.76061904761905,45.09270169739568,43.79111369599499,-72.66749627444656,12.409865507264668,1.1344113010720576
2021-11-16 00:00:00,45.54,46.66,44.8607,45.76,46216690,50.00988095238097,44.91422417409962,52.4331203068307,44.84952380952381,45.219011957554244,43.83531735563185,-47.31836966708153,12.74647888506226,1.1392948477018574
2021-11-15 00:00:00,45.11,45.26,43.56,43.61,19690003,50.02357142857143,44.87970271181797,45.073013430671246,44.78742857142858,45.130484148020535,43.830894740033244,-80.34904979182991,12.911065487468676,1.2122153274068097
2021-11-12 00:00:00,43.57,45.13,43.57,45.12,29804574,50.03944444444445,44.93152731230033,50.131802629093144,44.946571428571424,45.32887040063174,43.891438863615534,-57.412468888855,13.325812230378915,1.2328053374316639
2021-11-11 00:00:00,43.32,43.72,42.44,43.28,27287296,50.04452380952381,44.923834549537084,42.87754367059393,44.97733333333334,45.33911262079446,43.90790465135018,-85.50793238765631,13.780485059441704,1.4022414200129727
2021-11-10 00:00:00,44.9,45.25,42.6,43.38,33711892,50.05623015873016,44.99092983727329,43.194644062146,45.20238095238096,45.60356722613715,43.98040757551574,-83.981005023591,14.148931300911839,1.3642144259609628
2021-11-09 00:00:00,45.91,45.98,43.68,45.51,33588854,50.07059523809524,45.056682075529345,50.595335165822895,45.43233333333334,45.880911586220115,44.05158093734332,-51.457452169000376,14.560052153039084,1.2694426926805322
2021-11-08 00:00:00,47.08,47.645,45.82,45.89,25257852,50.081190476190464,45.03817930310197,52.07334444009377,45.465190476190465,45.89214141225441,44.06018758903053,-45.65512818555222,15.105534798800637,1.2832010754359582
2021-11-05 00:00:00,47.5,48.74,46.61,47.19,45641491,50.07714285714286,45.00341111139185,57.39998691295651,45.4637619047619,45.85074224123176,44.057729396811546,-25.805072452703488,15.248999642126936,1.2867031514689005
2021-11-04 00:00:00,45.54,46.53,44.99,45.27,31731047,50.05638888888888,44.91416258532621,50.44867937329787,45.34128571428572,45.6243123098195,44.016245113915886,-55.12207784275699,15.225527186951572,1.3220642949569439
2021-11-03 00:00:00,45.33,46.26,44.71,45.72,38199594,50.039404761904756,44.89963860921708,52.306212847786504,45.41423809523808,45.63784808469887,44.032036318226424,-48.250904704463245,15.592402409519519,1.3825823664433161
2021-11-02 00:00:00,44.34,44.35,42.3309,42.89,28002584,49.999920634920635,44.86615447081777,39.24214150446168,45.45047619047618,45.58949670220217,44.034800209881894,-91.46294910751095,16.025970946476832,1.3963576726612705
2021-11-01 00:00:00,44.07,45.025,43.65,44.36,20983925,49.967857142857135,44.9468138369736,45.21600252186315,45.76919047619048,45.925211725521876,44.12316878029749,-85.12241054613938,16.461123797661465,1.1949823220449751
2021-10-29 00:00:00,44.49,44.8,43.57,43.82,18265703,49.92440476190475,44.97076542215619,42.21541604654182,45.95438095238095,46.09163418748163,44.16921472869542,-95.2919020715631,17.04414595404552,1.1227799205543358
2021-10-28 00:00:00,45,45.4117,44.3833,44.62,14768789,49.88567460317459,45.01773543938705,45.6553974981599,46.20638095238095,46.3480497037639,44.23268483895971,-84.86055776892435,17.698800524715143,0.976577697881741
2021-10-27 00:00:00,46.47,46.55,44.165,44.73,26999752,49.842142857142846,45.03396953895387,46.135393110415265,46.38304761904762,46.51868360665594,44.27352462703768,-82.66932270916341,18.199639414240444,0.9602161215059871
2021-10-26 00:00:00,46.28,47.69,45.86,46.02,19491761,49.8001984126984,45.04637645891117,52.10020749698744,46.54823809523809,46.689461782937315,44.31207933150336,-42.68656716417908,18.720511859346757,0.9801809781871915
2021-10-25 00:00:00,45.67,46.07,45.0173,45.72,12955477,49.75841269841268,45.00663672254019,50.72445273181464,46.59038095238095,46.697357122146165,44.31272272984348,-31.13300492610839,18.865727940181067,0.9811262660840346
2021-10-22 00:00:00,46,46.5,45.23,45.51,19259203,49.72281746031744,44.97751985407245,49.78702740569779,46.66838095238096,46.744536661374596,44.322630218973906,-33.20197044334978,19.338802284584915,0.979897443613361
2021-10-21 00:00:00,45.97,47.54,45.52,46.47,15704780,49.68785714285712,44.9557859705652,54.16081481990719,46.77171428571428,46.822540692947754,44.33927471481834,-22.335495829471768,19.778924927933055,0.9510704495461942
2021-10-20 00:00:00,47.15,47.54,45.93,46,15470862,49.64313492063491,44.89398131630256,52.25394562258637,46.778904761904755,46.77301835236513,44.327514895748166,-26.66666666666668,20.166710750780116,0.9815624024991993
2021-10-19 00:00:00,47.2,47.69,46.74,47.05,16500199,49.60468253968252,44.848837696559805,57.18914093654317,46.825476190476195,46.77981616127197,44.32989458087366,-16.944444444444485,20.4712261023601,1.0419976007649925
2021-10-18 00:00:00,47.68,47.95,46.75,47.07,19806658,49.553769841269826,44.75899433723571,57.28483410373336,46.75923809523809,46.639047349993,44.30086992101271,-16.759259259259274,20.58752403907768,1.1307363751113697
2021-10-15 00:00:00,47.91,48.84,47.34,48.36,20341670,49.50079365079363,44.664667575490235,63.665182201575455,46.65642857142857,46.47738859013678,44.27086508273387,-4.8148148148148415,20.705987797281328,1.8097250481772085
2021-10-14 00:00:00,46.98,47.94,46.84,47.28,18514016,49.44484126984125,44.51383768061228,60.22081055831042,46.389761904761905,46.11755075115656,44.20157114989657,-14.814814814814822,20.68371431997214,2.180880556105721
2021-10-13 00:00:00,46.26,47,45.94,46.41,13740754,49.3965476190476,44.40093309614748,57.184856193154715,46.189,45.86599978056844,44.16365799339664,-22.870370370370416,20.81016685808497,2.5063631021861132
2021-10-12 00:00:00,46.33,47.05,46.155,46.72,12404189,49.35349206349205,44.318930365377994,58.66630204204814,46.033333333333324,45.705281014982866,44.15142969108072,-20.000000000000025,21.106956981908247,2.8787418692894295
2021-10-11 00:00:00,47.7,47.87,46.28,46.29,16336783,49.31198412698411,44.22092752314852,57.23948001856762,45.81142857142857,45.48222292011048,44.12982750498362,-23.981481481481502,21.36508884664412,3.1002483771465794
2021-10-08 00:00:00,48.08,48.88,47.605,47.77,18142615,49.276190476190465,44.13647558531785,64.33751989047579,45.600857142857144,45.29253478592168,44.12097572533001,-10.27777777777777,21.604804370120252,3.204284475510874
2021-10-07 00:00:00,47.64,48.2384,46.89,47.91,25961566,49.23480158730158,43.988168466351226,65.04602857381977,45.21180952380953,44.87638682385374,44.067544485510915,-3.232792565758407,21.539215194152607,3.21067204802982
2021-10-06 00:00:00,45.33,47.18,45,47.01,24868676,49.19063492063491,43.828093709875766,62.58657808825797,44.773428571428575,44.39531222356515,44.00904065416141,-4.491978609625686,21.571743900541364,3.135141304630462
2021-10-05 00:00:00,45.91,46.08,45.345,45.61,12433928,49.147976190476186,43.698219983748245,58.35388375626399,44.38771428571429,43.98644903715422,43.97672298247824,-19.46524064171123,21.779672139699077,3.0898220013457083
2021-10-04 00:00:00,46.4699,46.83,45.2,45.72,21018650,49.11436507936508,43.620188146350216,58.839550975343286,44.11314285714286,43.72673046606084,43.98619748672472,-18.288770053475943,22.19010640687878,3.056728807074648
2021-10-01 00:00:00,45.915,47.25,45.79,47.05,25428283,49.08261904761904,43.534481540078794,64.90436060878176,43.80238095238095,43.42373823219048,43.99277910916347,-4.064171122994679,22.61695804474567,3.0186869662156086
2021-09-30 00:00:00,44.71,45.365,43.86,44.8,17064555,49.043293650793636,43.390990990694256,58.12388046965732,43.338047619047614,42.90498616360763,43.95962551110836,-28.12834224598933,22.92866060257286,2.834386132833704
2021-09-29 00:00:00,46,46.53,44.3,44.52,24599488,49.010277777777766,43.333480418885856,57.16763323629273,43.068095238095246,42.64227429373539,43.993877609876115,-31.122994652406376,23.594153926316405,2.786794708980193
2021-09-28 00:00:00,46.7,47,45.76,45.98,23683043,48.974206349206334,43.28505104822814,64.27402966479373,42.799190476190475,42.39096013901225,44.03749589489452,-15.50802139037436,24.188468438202015,2.7868912339737983
2021-09-27 00:00:00,46.77,47.43,46.19,47.25,22884751,48.93285714285713,43.17505313182929,71.44792471211915,42.36080952380953,41.91253357153902,44.03820437356992,-1.9251336898395688,24.462063410212348,2.639911172748053
2021-09-24 00:00:00,45.46,47.045,45.291,46.63,29458270,48.88210317460316,43.00872876986313,69.9262923044885,41.77023809523809,41.21001506306349,44.00086658776127,-4.629113218070262,24.63890185653652,2.271681975981673
2021-09-23 00:00:00,45.35,45.84,44.71,45.48,26232791,48.82940476190474,42.86092178087795,66.88684900464429,41.21009523809524,40.52150097638424,43.981702990685605,-13.34894613583139,24.887264807049952,1.8767159481391948
2021-09-22 00:00:00,44.9,46.62,44.61,44.87,56455147,48.782063492063465,42.754020629077054,65.15212375889175,40.740761904761904,39.92241888220552,43.997061627022674,-20.49180327868853,25.356210245974733,1.5479715759664319
2021-09-21 00:00:00,42.34,45,42.18,44.36,106589670,48.740515873015845,42.66765412414142,63.67473553861887,40.30714285714286,39.34842653020246,44.03135662308379,-9.248554913294804,25.84391350245651,1.1899710080501957
2021-09-20 00:00:00,38.88,40.22,38.73,39.79,35343980,48.70928571428569,42.59857878226964,43.87664671566615,39.90609523809523,38.78913954281158,44.08195283018149,-65.45454545454545,26.654177132779044,0.7706094990330703
2021-09-17 00:00:00,39.9,40.225,39.29,39.75,31886843,48.69869047619046,42.71321465093371,43.626931349371844,39.94104761904762,38.80689060933489,44.27158798254031,-66.26262626262624,26.70150136915958,0.7676659429725925
2021-09-16 00:00:00,38.3,39.67,38.09,39.52,25374019,48.68801587301584,42.83416218770651,42.25510735224929,39.980333333333334,38.83736767531773,44.46647081565591,-73.43173431734309,26.86544407607137,0.7651200886135453
2021-09-15 00:00:00,39,39,38.08,38.48,30531007,48.680634920634894,42.969434113735346,35.68352805542523,40.048,38.908258269501125,44.672422966603406,-93.50649350649354,26.849248995263135,0.7654310876885
2021-09-14 00:00:00,39.9,40.1,38.55,39.01,37110420,48.67662698412695,43.152676322459236,37.71459120207559,40.22671428571429,39.135621917458586,44.91407613518521,-91.95804195804195,26.597043804678723,0.6681337815138517
2021-09-13 00:00:00,40.26,41.19,39.26,40.07,29155476,48.672420634920606,43.32176515194737,42.17248988974605,40.36680952380953,39.31920572009509,45.144797520268575,-79.81952420016411,26.420816362219245,0.6368901004097952
2021-09-10 00:00:00,40.62,40.83,39.865,39.89,14230634,48.660158730158706,43.45449026019012,41.074222553787585,40.41619047619047,39.38130704168046,45.3483712827107,-82.77276456111571,26.372906831584466,0.7326887128924525
2021-09-09 00:00:00,40.1,40.95,39.84,40.35,14260282,48.644642857142834,43.599979658565225,43.01274753599209,40.4962380952381,39.48037260871593,45.56162311963389,-75.22559474979495,26.444303966732846,0.8494555609330003
2021-09-08 00:00:00,40.85,41.34,39.83,40.07,16219948,48.62345238095235,43.73263188952706,41.450903127951484,40.545476190476194,39.53207358313473,45.765437270015504,-79.81952420016411,26.518556987287162,0.985754026114019
2021-09-07 00:00:00,40.49,41.08,40.31,40.95,15914328,48.600634920634896,43.88212706869143,45.05451784663297,40.637714285714274,39.63366257491111,45.98192104963642,-65.38146021328959,26.59578012866365,1.121237151542883
2021-09-03 00:00:00,41.22,41.575,40.23,40.32,15466520,48.57003968253965,44.001805724556384,41.68425826071301,40.657095238095245,39.63044303959298,46.17634026693559,-75.71780147662022,26.76788378242598,1.2198740713696632
2021-09-02 00:00:00,40.75,41.86,40.5365,41.4,20654223,48.54261904761902,44.152083509232156,46.19473406950693,40.755333333333326,39.71993680225755,46.393764139092774,-59.811616954474154,26.9468715823388,1.3794574114484286
2021-09-01 00:00:00,39.98,41.665,39.87,40.62,27788584,48.5147222222222,44.26441344838449,41.984769239216924,40.75866666666666,39.67608871511322,46.58308377531171,-78.08745322040582,27.18988021396912,1.429501661419111
2021-08-31 00:00:00,39.81,40.275,39.125,39.14,26325298,48.489642857142826,44.413165017706305,32.7079306871137,40.84195238095238,39.7417696109442,46.799799538880926,-96.30687413827067,27.38788986996824,1.4190682682661881
2021-08-30 00:00:00,40.58,40.74,39.11,39.59,29516296,48.46777777777774,44.62839624291881,34.25439682165094,41.083571428571425,40.02513734275133,47.06555431494871,-91.43835616438356,27.18262995633123,1.3368548911531117
2021-08-27 00:00:00,40.53,41.31,40.5,40.69,13612504,48.44480158730155,44.83404506916039,38.37256059444197,41.300904761904754,40.28265915118847,47.32312762205558,-79.09604519774017,26.96915964614874,1.302200445400016
2021-08-26 00:00:00,41.49,41.94,40.54,40.62,17473357,48.413492063492015,45.00318976586082,37.93162175075717,41.42666666666667,40.42190745238151,47.55273839912693,-80.92175777063242,26.974709722309246,1.316349022865896
2021-08-25 00:00:00,40.44,42.11,40.04,41.55,26164361,48.38047619047614,45.18209547058983,41.603927119849715,41.57847619047619,40.59195500010682,47.78908279990264,-70.95391211146844,26.987325205051015,1.3977388883478912
2021-08-24 00:00:00,41.1,41.21,39.97,40.17,44859260,48.33936507936503,45.33034426530778,32.61489958397851,41.66357142857143,40.65812369613964,48.00212903921997,-85.74490889603432,27.000445307102456,1.6277692557607784
2021-08-23 00:00:00,39,41.08,38.84,41,33501259,48.303134920634875,45.54097056185095,35.682499056870896,41.907000000000004,40.928320630863745,48.26104013229232,-76.84887459807076,26.755060358394335,1.6974757730229906
2021-08-20 00:00:00,39.69,40.0799,39.2399,39.95,18055944,48.262777777777735,45.72631629906935,27.693621967825834,42.099047619047624,41.11898171498551,48.50008937772093,-92.04824134108236,26.461773818745087,1.8660205652671675
2021-08-19 00:00:00,40.28,40.6,39.51,39.86,22471416,48.22888888888884,45.962084311276264,26.971656283137932,42.42685714285714,41.48110939034947,48.7755423465837,-95.95842956120092,25.857160614102387,1.9642036554288358
2021-08-18 00:00:00,40.97,41.53,40.8,40.88,13682286,48.18746031746027,46.21114897704264,30.13856461056615,42.79995238095238,41.90003954310019,49.05916867489857,-91.35071090047389,25.262760168185363,1.9896026613371829
2021-08-17 00:00:00,41,41.48,40.58,41,20114438,48.144603174603134,46.42874689447295,30.530174410793464,43.10752380952381,42.22835312053305,49.31764539803698,-89.92890995260663,24.816492102783815,2.031953432045135
2021-08-16 00:00:00,41.76,41.79,40.86,41.5,19250132,48.098888888888844,46.6503284003698,32.146264534628,43.429,42.58054804970172,49.577582103363945,-85.22975929978116,24.33759018340062,1.954212053488567
2021-08-13 00:00:00,42.8,43.03,42.2,42.22,8598787,48.05321428571424,46.86054588609918,34.59491240117492,43.72219047619047,42.906513727147946,49.827531865520434,-77.35229759299781,23.876962130496715,1.8532303553525131
2021-08-12 00:00:00,42.86,42.965,42.18,42.73,16556292,48.006547619047566,47.04995592226649,36.41957995500399,43.96571428571429,43.17299049423146,50.06064159309705,-71.77242888402627,23.58547533886379,1.801882626588092
2021-08-11 00:00:00,43.41,43.5,42,43.08,21766053,47.95936507936503,47.226280653787576,37.68626244568523,44.17823809523811,43.4026126240654,50.28288584048593,-73.06985294117648,23.26437949887977,1.771497318654477
2021-08-10 00:00:00,43.7,44.24,43.25,43.5,26675230,47.91226190476185,47.39551659884013,39.20568454474358,44.37680952380953,43.613523939492445,50.498852752692315,-71.8013468013468,22.93043982529639,1.7774321365385517
2021-08-09 00:00:00,44.19,44.27,43.21,43.25,18780407,47.86769841269837,47.55451727634381,37.820039975898055,44.55719047619048,43.79406101246205,50.70628866516177,-73.9057239057239,22.76031603573808,1.8420298586070747
2021-08-06 00:00:00,43.74,44.935,43.65,44.28,25432939,47.82662698412694,47.73021185905172,41.43285990010854,44.78595238095239,44.033442561895974,50.92520650551287,-65.23569023569023,22.583387294597436,1.8845386703381806
2021-08-05 00:00:00,40.5,44.65,40.15,43.07,60871534,47.78865079365075,47.87103683289057,34.619943049506645,44.939428571428564,44.1611856044149,51.11722798915307,-75.4208754208754,22.46209793778858,1.9960317507494711
2021-08-04 00:00:00,42.7,42.82,41.37,41.81,42874148,47.74948412698408,48.06699751994733,26.33389880812804,45.229476190476184,44.47461761564322,51.349333204623186,-95.87242026266412,22.26765734592963,1.9166258763775466
2021-08-03 00:00:00,43.56,43.68,41.62,42.79,37622181,47.71325396825392,48.322385173822724,28.98714966588976,45.67223809523809,44.99988478844686,51.623820145963215,-89.10614525139663,21.59886175339437,1.7197177093930265
2021-08-02 00:00:00,44.1,44.29,43.445,43.49,26579889,47.667222222222186,48.548196813570584,31.062988681459657,46.05980952380951,45.44975662425008,51.87398499318772,-98.33702882483372,20.933041161708843,1.751046758370546
2021-07-30 00:00:00,44.38,44.73,43.34,43.46,22136188,47.61472222222218,48.754653826369385,30.86596492530788,46.419857142857154,45.85461727551035,52.107760098184606,-98.66962305986699,20.471534437342747,1.872414150234931
2021-07-29 00:00:00,44.12,45.21,44,44.69,51033697,47.56226190476186,48.97076214581303,34.634516330762935,46.816714285714276,46.31013762837489,52.346806626027,-91.74641148325362,19.99156744400201,1.7899164784983683
2021-07-28 00:00:00,45.88,46.9632,45.81,46.14,19612789,47.508015873015836,49.145487131356425,39.97756501026051,47.12228571428571,46.647443821703455,52.55322214551982,-78.48580441640381,19.57956525847255,1.7348033750255383
2021-07-27 00:00:00,46.54,46.6599,44.765,45.82,16966421,47.4471825396825,49.26816007549342,38.018078247298824,47.3117619047619,46.82356923966057,52.719698701468495,-82.52365930599372,19.41041181285862,1.7919192922673717
2021-07-26 00:00:00,47.04,47.6,46.37,46.81,12635123,47.3883333333333,49.40890130306458,41.95256188662677,47.556904761904775,47.065712223843875,52.89878354527115,-70.0315457413249,19.159150821269805,1.8216734065139115
2021-07-23 00:00:00,47.61,47.69,46.78,47.46,9650878,47.326309523809485,49.5149789072713,44.77779137661252,47.731190476190484,47.19992929745239,53.051218435848064,-61.82965299684543,19.147229803619336,1.9206691542272443
2021-07-22 00:00:00,47.7,48.17,47.24,47.57,11690262,47.26563492063489,49.59885559736401,45.25672241938467,47.85957142857143,47.26178766909089,53.18670384320112,-60.44164037854891,19.202625762142187,1.956718170815613
2021-07-21 00:00:00,46.53,47.94,46.35,47.52,15070756,47.20646825396822,49.68166602990947,45.00846697498648,47.991476190476185,47.31824277547406,53.3211670892051,-61.072555205047294,19.336647028210248,1.9685895966401932
2021-07-20 00:00:00,45.46,46.66,45.07,46.32,14008631,47.147063492063445,49.76989729643638,38.82600605424521,48.13542857142856,47.390847277415,53.45939942880455,-76.21451104100949,19.423693909900745,1.9408716469668983
2021-07-19 00:00:00,45,45.7466,44.435,45.56,21227990,47.09682539682536,49.9107094309848,34.49501200263026,48.40223809523809,47.639943041095826,53.636137675108834,-85.8044164037855,19.21278829575141,1.8527851332520993
2021-07-16 00:00:00,46.4,47.09,46.01,46.19,18388509,47.04519841269837,50.08828940775969,36.483192745148074,48.76114285714285,48.02313121794826,53.83887685292229,-97.16535433070867,18.76315075299318,1.6650774006033475
2021-07-15 00:00:00,46.86,47.46,46.15,46.42,17427511,46.990277777777735,50.247403261137634,37.21024341127853,49.07676190476191,48.36238367107953,54.02621475685353,-95.65217391304343,18.52613866128749,1.5020233020828937
2021-07-14 00:00:00,48.28,48.59,47.11,47.15,15977541,46.93626984126979,50.40362380240856,39.53208110525357,49.38223809523809,48.70798661135875,54.209884996601936,-89.9827288428325,18.30114268953511,1.3357090813496784
2021-07-13 00:00:00,48.49,48.59,47.75,48.08,11490428,46.871904761904716,50.53642477393544,42.68270597140393,49.62842857142857,48.991330819638065,54.37472230479174,-73.92055267702939,18.216941973904746,1.2128581945140995
2021-07-12 00:00:00,48.87,49.29,48.09,48.41,14238868,46.806984126984084,50.63668700960627,43.83377726453777,49.798857142857145,49.17807096336917,54.51430197533785,-68.22107081174444,18.233429944692286,1.170275501751618
2021-07-09 00:00:00,47.84,49.25,47.71,49.07,15640656,46.746388888888845,50.72757219367183,46.14487921539842,49.945476190476185,49.34071661648702,54.6461919521665,-56.82210708117444,18.306400661487388,1.1214386964966034
2021-07-08 00:00:00,47.16,48.21,46.57,47.55,25338038,46.68321428571424,50.795228201576805,39.30092226427759,50.03152380952381,49.43110853822343,54.76027472824051,-83.07426597582042,18.37332958772373,1.1074081225997943
2021-07-07 00:00:00,50.8,51.03,48.54,48.68,24714696,46.62916666666663,50.927686495518714,43.08019369383887,50.26990476190476,49.742335889752304,54.92190827233974,-79.82646420824295,18.20714534365865,0.9803575878219133
2021-07-06 00:00:00,50.6,52.03,50.4,50.8,21617240,46.566230158730114,51.019428801458254,51.749497281647784,50.40638095238095,49.931682074366144,55.05213727505858,-33.83947939262478,18.348501019662173,0.929914512199912
2021-07-02 00:00:00,50.57,51.825,50.39,51.71,13832592,46.49369047619044,51.02838507906879,56.26228357613714,50.34076190476191,49.84967845381493,55.12046637606154,-14.099783080260275,18.84151194895472,0.9284767094547932
2021-07-01 00:00:00,50.88,51.6,50.02,50.59,17898528,46.41023809523806,51.00056406188792,51.420769352448474,50.18119047619048,49.634976678351244,55.162120940877415,-38.3947939262472,19.308186720963214,0.8535893333447884
2021-06-30 00:00:00,51.02,51.13,49.71,50.12,18262591,46.33023809523806,51.017321778699674,49.23089199809985,50.11928571428571,49.55399176404207,55.23776210419394,-48.590021691974016,19.74382527863171,0.8906739021662191
2021-06-29 00:00:00,51,51.3,50.24,50.76,14278496,46.2546825396825,51.05394715742211,52.206612280574475,50.105333333333334,49.53120642550784,55.32846805211779,-34.70715835141001,20.0934929157613,0.9092209577434957
2021-06-28 00:00:00,51.75,52.36,50.365,51.11,22757976,46.170833333333285,51.06594500058219,53.85980138764119,50.03147619047619,49.41969449205549,55.40106496233937,-27.114967462039047,20.5516200328066,0.919937361998087
2021-06-25 00:00:00,51.18,51.83,50.53,51.73,25885376,46.08551587301584,51.064146837340644,56.8193986531604,49.92295238095239,49.25037018050267,55.463922196157355,-2.4509803921568984,21.050198292768886,0.9047069967674612
2021-06-24 00:00:00,51.3,51.55,50.22,50.82,12603539,46.001587301587264,51.03696915723209,53.32374067972552,49.75052380952381,48.98021305312541,55.50869408857488,-21.052631578947388,21.459296105708304,0.8297257076889928
2021-06-23 00:00:00,49.06,50.77,49.01,50.51,19918931,45.92079365079361,51.04582504120075,52.0970411325635,49.666190476190486,48.81010383597672,55.581139189140764,-28.14645308924491,21.82702347951824,0.8483718229644355
2021-06-22 00:00:00,48.3,49.34,47.75,49.05,19664570,45.85150793650789,51.06769545104567,45.87639728829981,49.61114285714286,48.668040372214776,55.66371588666459,-51.43403441682606,22.047137507814877,0.8467443533912699
2021-06-21 00:00:00,49.72,49.86,47.9,48.12,30934271,45.78654761904758,51.150050367414885,41.37327162959614,49.69980952380952,48.715846376775914,55.79129189347116,-52.53991291727147,21.959389427441156,0.8222888786795061
2021-06-18 00:00:00,49.31,50.39,48.775,49.7,20808400,45.72376984126979,51.27372589261549,47.62419991068327,49.880380952380946,48.90033886771069,55.948781785450166,-24.93918018557682,21.889076445351073,0.7544295858461538
2021-06-17 00:00:00,48.96,49.835,48.31,49.7,18927461,45.659087301587256,51.337959602518154,47.62419991068327,49.90871428571428,48.88951357439021,56.06109534126468,-23.80396732788797,21.939013877955592,0.7663933389585268
2021-06-16 00:00:00,49.35,49.66,48.29,48.89,19100531,45.59396825396822,51.40481509649848,43.875915962632604,49.935952380952386,48.88099851948113,56.17494749158717,-33.25554259043175,21.86925678394707,0.77247265323764
2021-06-15 00:00:00,49.55,49.955,49.09,49.3,20615256,45.532857142857104,51.507460610641274,45.40313674412929,50.041666666666664,48.98688798220935,56.314779046661876,-28.471411901983718,21.75859200553321,0.7548178588242327
2021-06-14 00:00:00,50.06,51.49,49.56,50.77,15522213,45.46686507936505,51.597561043728675,51.3542902862454,50.09980952380952,49.050873977159405,56.44431589487282,-11.318553092182016,21.749172567630094,0.9204589887659306
2021-06-11 00:00:00,50.03,50.36,49.535,50.01,12290407,45.3933333333333,51.63133904551351,48.0876801225835,50.00200000000001,48.92241624260335,56.531377106535274,-20.186697782963872,21.802411575576663,1.0451703210482006
2021-06-10 00:00:00,49.69,49.895,48.425,49.55,15040961,45.31829365079363,51.697516149412024,46.05161936197625,49.95023809523809,48.8892443664098,56.642331501854514,-41.467889908256915,21.621804720057956,1.5483290186520435
2021-06-09 00:00:00,50,50.17,49.11,49.14,12624030,45.259880952380925,51.785169869796185,44.24164858374303,49.91495238095238,48.92011814704281,56.76860333375217,-48.311688311688314,21.334093045900943,1.9784854687361235
2021-06-08 00:00:00,50.7,51.4,48.66,49.88,19868848,45.21007936507933,51.893135986930716,46.87749901654053,49.90476190476191,49.01494481838661,56.90898050486816,-48.2253086419753,21.116897888976055,2.0817687191424503
2021-06-07 00:00:00,50.49,51.22,49.75,50.76,16592604,45.15928571428567,51.975304802723805,50.17872579626348,49.804619047619056,49.021827876517236,57.029059632255006,-41.43518518518522,20.891014925774172,2.1867607893868954
2021-06-04 00:00:00,49.56,50.22,49.07,50.18,10612245,45.10551587301583,52.024909080385996,47.93474268918972,49.60290476190475,48.91239542391018,57.124197052552105,-56.32398753894081,20.785741766522527,2.1730936473148135
2021-06-03 00:00:00,50.43,50.5,48.53,48.7,14874753,45.050952380952346,52.10021149183032,41.71438795590116,49.43961904761905,48.876136008153914,57.23789826370868,-65.54517133956385,20.475527070164308,2.1843339373822857
2021-06-02 00:00:00,51.19,51.41,50.55,50.79,13599352,45.003531746031705,52.23899563435401,49.463498384343026,49.42909523809524,49.04504225955178,57.397660438516844,-52.52336448598132,20.152903785951757,2.2630984843793254
2021-06-01 00:00:00,51.62,51.66,49.84,50.98,16789304,44.94408730158727,52.298138313307234,50.25151940588662,49.23,48.948132317286785,57.49675828063974,-51.33956386292837,20.052055492724257,2.415703779439855
2021-05-28 00:00:00,50.675,51.74,50.47,50.83,14388785,44.883928571428534,52.35193987711569,49.66364067266237,49.031238095238095,48.81994803216693,57.59124271992185,-52.2741433021807,19.947173267767656,2.7257257749084007
2021-05-27 00:00:00,51.44,51.69,48.72,50.71,51532355,44.826349206349164,52.414059872100005,49.21785689818311,48.86552380952382,48.704436866734284,57.69126016825905,-53.021806853582554,19.913097692242825,2.9883323108382713
2021-05-26 00:00:00,50.32,51.36,49.76,51.12,16551847,44.76063492063488,52.48361333626735,50.640710351441,48.731333333333325,48.59910514563117,57.796005458604455,-50.46728971962619,19.868701081627332,3.2341411533821467
2021-05-25 00:00:00,50.74,51.59,50.44,50.46,17159529,44.69619047619043,52.53927102346193,48.41142104086954,48.59295238095238,48.43223213188253,57.8895814328744,-54.57943925233645,19.944171739113543,3.786336091791113
2021-05-24 00:00:00,49.33,50.4,48.85,50.03,16912029,44.633095238095194,52.62413922850119,46.96224034511975,48.54933333333334,48.34536662089563,58.004012220429175,-59.76563187312684,20.104053236520453,4.123096651789768
2021-05-21 00:00:00,49.57,49.95,48.76,48.82,20074456,44.57277777777774,52.730022462317564,42.760835912894,48.58276190476191,48.31547456079815,58.13277036280811,-68.04298642533936,20.06828111152208,4.444134223895584
2021-05-20 00:00:00,49.57,49.95,48.76,49.33,18823390,44.514999999999965,52.88961521588155,44.128984851066306,48.77480952380953,48.456368534642536,58.299647995786835,-65.62500000000003,19.95317717477287,4.7191506386213184
2021-05-19 00:00:00,47.53,49.83,47.37,49.47,16742816,44.456071428571384,53.0349056328563,44.49184627079048,48.95138095238095,48.548750977836214,58.45353757504513,-65.63011456628479,19.83346908055369,4.8495086349031284
2021-05-18 00:00:00,49.67,50.29,48.525,49.17,28596577,44.392301587301546,53.18041198521778,43.568538064523324,49.14461904761905,48.638720685324664,58.60531670758758,-67.26677577741407,19.689379432977567,4.931854519346652
2021-05-17 00:00:00,47.24,47.94,46.51,47.51,17668293,44.330595238095206,53.344102270328705,38.29486277969361,49.39647619047619,48.78686100179921,58.76819299020552,-76.32296781232954,19.65677321674248,4.974420041572685
2021-05-14 00:00:00,45.03,47.71,44.85,47.42,25562600,44.27091269841267,53.58222889360743,38.00317969912337,49.85566666666667,49.186926875907226,58.983378255803174,-76.8139661756683,19.232613856629737,5.037111548298291
2021-05-13 00:00:00,44.99,46.1,43.5601,44.48,36515479,44.21285714285712,53.833748440285284,27.62562922909018,50.385000000000005,49.64851498234499,59.20457018169929,-92.85324604473543,18.751484424365906,5.19261071138594
2021-05-12 00:00:00,45.9,46.105,43.17,43.81,32128869,44.167380952380924,54.21553409090917,24.967870840164323,51.2717619047619,50.57088372236561,59.517798472191295,-96.50845608292417,17.965001922869934,5.0698983224518415
2021-05-11 00:00:00,44.5,46.79,44.182,46.21,29524036,44.12210317460315,54.640249768089134,28.441969235722183,52.295761904761896,51.688306819000964,59.856449707811116,-88.28964083612428,17.147060121314123,4.648391764901061
2021-05-10 00:00:00,47.71,47.85,45.6,45.79,28630085,44.06428571428569,54.984341595358075,26.786562300467608,53.15990476190476,52.59666635359141,60.128444602669845,-98.8050314465409,16.3769651180953,4.4097950916114
2021-05-07 00:00:00,47.22,48.6,46.5346,47.03,28412519,44.012698412698384,55.359620844148196,28.600434712282294,54.12904761904763,53.662191736857835,60.41743912463682,-91.69835234474016,15.693326838736171,3.9163738330246254
2021-05-06 00:00:00,48.39,49.81,45.72,46.65,79850900,43.948809523809494,55.69960536839914,27.197579661662857,55.03080952380952,54.67127749948758,60.6736997371099,-94.10646387832699,15.062421047938454,3.347941569083905
2021-05-05 00:00:00,53.87,54.07,50.63,51.18,44214804,43.874087301587274,56.0689770160889,34.75702098970277,56.022,55.84041698568167,60.94538644104078,-94.94020239190435,14.406279025508827,2.4769393916686773
2021-05-04 00:00:00,54.52,54.72,52.01,52.99,18729613,43.782380952380926,56.26852709837824,38.75338229477424,56.608952380952374,56.50783836295846,61.084744932607684,-89.67334035827183,14.193134627301358,2.0803535757173583
2021-05-03 00:00:00,55.12,56.13,54.84,54.85,14044630,43.68091269841267,56.40234453096511,43.529259652387246,57.04761904761905,56.9954966151715,61.17110006827423,-75.05643340857787,14.127187334385878,1.8279562357999708
2021-04-30 00:00:00,54.3,55.65,54.11,54.77,16900687,43.575912698412665,56.465705532228995,43.24993951865414,57.321285714285715,57.27713465787785,61.20186237478238,-69.38144329896902,14.414605957044925,1.7175746708658695
2021-04-29 00:00:00,59,59.22,53.11,54.93,43475812,43.47869047619045,56.534918002932216,43.65091463323145,57.61604761904761,57.59844930759164,61.234393820699445,-67.73195876288658,14.638448517186946,1.5794445226091354
2021-04-28 00:00:00,56.88,58.48,56.66,58.44,9426173,43.385198412698394,56.60042486019475,53.81411733261124,57.89357142857142,57.93008971323324,61.26148441939263,-31.546391752577335,14.871244779734647,1.6205844624702535
2021-04-27 00:00:00,58.32,58.4,57.05,57.16,13038745,43.272817460317455,56.52534016061086,49.86108525414723,57.81309523809524,57.810643899878464,61.1820102552637,-44.74226804123714,15.321463730924982,1.8728334149090784
2021-04-26 00:00:00,58.05,58.36,57.33,57.61,8476250,43.165357142857125,56.499435677370485,51.29428910599934,57.836380952380956,57.85369978307295,61.13824223129421,-40.103092783505154,15.72911474024208,2.0887208406103484
2021-04-23 00:00:00,56.56,57.95,56.39,57.93,8995604,43.053769841269826,56.45410652134479,52.28669704351541,57.803000000000004,57.83753082304632,61.07873518821625,-36.804123711340196,16.11020988698586,2.168555913505575
2021-04-22 00:00:00,55.85,57.2189,55.19,56.28,16558463,42.93630952380951,56.393865971195595,47.415592119097646,57.71990476190477,57.77383463532008,61.00708788657441,-53.814432989690694,16.561176037469405,2.281891485149984
2021-04-21 00:00:00,55,56.2,54.61,55.77,11725035,42.82503968253967,56.39851356185664,45.82828058646208,57.776285714285706,57.92937877926037,60.98244985427643,-59.072164948453555,17.1276406261595,2.4797733767423185
2021-04-20 00:00:00,58,58.12,55.244,55.48,19221237,42.71162698412698,56.4241671766263,44.95087839333259,57.87038095238095,58.16961707558567,60.97139151675434,-62.06185567010311,17.77002492224691,2.578266084018482
2021-04-19 00:00:00,60,60.2201,57.52,57.85,17063928,42.60333333333333,56.46270461240697,51.25009322063579,57.993095238095236,58.47272115937436,60.96754686925164,-37.628865979381416,18.437600620647398,2.5734631821730027
2021-04-16 00:00:00,60.74,60.85,59.54,60.35,11775918,42.48488095238095,56.40608031087256,59.40411237244897,57.88642857142856,58.4779436800443,60.89085317071768,-11.855670103092764,18.80419663252743,2.5627329162439065
2021-04-15 00:00:00,59.88,61.09,59.5501,60.74,17632473,42.35265873015873,56.245103997030625,60.8055051775639,57.51947619047619,58.13609714929954,60.73591927265366,-7.83505154639173,18.860691492270607,2.4314956302654545
2021-04-14 00:00:00,60.11,61.5,59.18,59.23,19185491,42.22039682539682,56.06163885405228,57.17316047501664,57.094523809523814,57.702210223445874,60.564788225857725,-23.402061855670127,18.917768164705947,2.22822709794132
2021-04-13 00:00:00,59.65,61.01,58.53,60.64,21310554,42.09547619047619,55.93231799095238,62.1688107298545,56.81157142857143,57.42913748071204,60.43442378260974,-4.12147505422996,18.977127904038703,2.2044679630241846
2021-04-12 00:00:00,59.05,60.77,58.75,59.44,36361905,41.9659126984127,55.7401677048688,59.362718626318625,56.39219047619047,56.93118331223397,60.2576091739682,-15.475024485798288,19.09266142607315,2.161516308057841
2021-04-09 00:00:00,57.32,57.88,56.4,57.68,10380484,41.83761904761905,55.589154141802226,54.79633594139268,56.09142857142857,56.545334692547435,60.11210548009945,-32.71302644466213,19.23876533618846,2.2367400385382292
2021-04-08 00:00:00,56.65,57.94,56.54,57.83,9636772,41.715634920634926,55.50381349452885,55.28800455144846,55.96433333333333,56.36095673501005,60.015430913754976,-31.24387855044079,19.723255350136903,2.2928507910459412
2021-04-07 00:00:00,58.02,58.13,55.95,56.89,13021455,41.58829365079366,55.40886710655044,52.8248829066123,55.8222380952381,56.135854423317454,59.9109813712834,-40.45053868756124,20.207411223887142,2.28822332826147
2021-04-06 00:00:00,57.34,58.99,57.16,58.05,13675518,41.46567460317461,55.34841270273617,56.384182531472646,55.76185714285713,56.01634581543417,59.83146396983789,-29.08912830558282,20.71093333258739,2.2963436154025376
2021-04-05 00:00:00,58.1,58.42,56.64,57.4,13779165,41.32587301587303,55.23814383346009,54.79950885545727,55.567904761904764,55.72394016093051,59.71406287717721,-34.77425552353509,21.070303102641308,2.3495579903462693
2021-04-01 00:00:00,55.61,57.63,54.81,57.6,18971001,41.192063492063504,55.14990480625438,55.374334724060056,55.42700000000001,55.490530417028324,59.612587404379255,-32.85302593659943,21.50616147975516,2.329563210131891
2021-03-31 00:00:00,53.96,55.18,53.58,54.51,14693712,41.064365079365096,55.04990092079538,47.46902478179088,55.24547619047619,55.20531176594852,59.501729999106196,-62.53602305475508,22.04570894192597,2.375035578680875
2021-03-30 00:00:00,52.99,54.12,52.64,53.46,9604078,40.95884920634923,55.07193769307274,44.35891344085241,55.36585714285715,55.31699265685045,59.480497471942314,-72.62247838616715,22.89053176818333,2.360710486273147
2021-03-29 00:00:00,54.8,54.8,52.85,53.35,9846627,40.857142857142875,55.1377310683002,44.03659637857384,55.591904761904765,55.58559832335385,59.48918383822477,-73.67915465898174,23.711825831007463,2.316215177827828
2021-03-26 00:00:00,54.41,55.25,53.52,54.71,13649060,40.7536904761905,55.210699683332855,47.17385716647674,55.83342857142858,55.89759315357541,59.500042794114286,-60.6147934678194,24.59078445982139,2.270782684450452
2021-03-25 00:00:00,52,54.28,51.8,53.89,13392600,40.648174603174624,55.23113640510154,44.97926657716863,55.931333333333335,56.05440249867483,59.46878838384323,-68.49183477425552,25.56580414406161,2.4332541996265
2021-03-24 00:00:00,54.46,54.96,52.54,52.57,13815286,40.538253968254,55.28587666653425,41.33635123771707,56.09571428571428,56.340295686125316,59.46029455339003,-81.17195004803074,26.48346223052696,2.5796189641107845
2021-03-23 00:00:00,55.63,55.63,53.11,53.49,14667099,40.43436507936511,55.39672877537238,43.18691519743728,56.39219047619048,56.83739695889038,59.490088783115354,-73.0841121495327,27.520868835522208,2.5162593268580244
2021-03-22 00:00:00,57.25,57.61,55.47,55.69,14278210,40.31099206349209,55.4745544396733,47.95392799759326,56.61300000000001,57.25823493188877,59.49139604568951,-52.52336448598134,28.57981162796474,2.4658411850725503
2021-03-19 00:00:00,55.48,57.18,54.34,57.08,17609053,40.174642857142885,55.46576074333343,51.27441908568293,56.6224761904762,57.417750214081295,59.42504121995979,-51.860119047619044,29.405331159020925,2.468143988911506
2021-03-18 00:00:00,56.63,57.48,55.21,55.69,15908276,40.02944444444447,55.3998734267348,47.926209460011684,56.50580952380952,57.400084560491166,59.314078698214594,-62.202380952380956,30.308421478722536,2.518393337030576
2021-03-17 00:00:00,57.07,57.57,55.54,56.36,25689629,39.86726190476193,55.388031525785195,49.44700534495115,56.53728571428572,57.570099981011865,59.241427787764565,-57.2172619047619,31.144636585196995,2.609234514182272
2021-03-16 00:00:00,59.99,61.02,58.38,58.85,13035232,39.718650793650816,55.348359343164184,55.52760876938908,56.52614285714286,57.66301843427744,59.14574786304871,-38.69047619047616,31.97548771848316,2.8106584637767713
2021-03-15 00:00:00,60.35,60.53,59.12,60.19,14206891,39.56563492063495,55.205435234721904,59.16323622888136,56.28580952380952,57.419549421020726,58.9716989291048,-28.720238095238095,32.489883245072186,2.9099214336473076
2021-03-12 00:00:00,58.97,60.59,57.62,60.35,15075182,39.41646825396828,55.00198361164933,59.595866639738574,55.91995238095238,56.96331646094489,58.75237791273697,-27.52976190476188,32.92838905439597,2.940549736018761
2021-03-11 00:00:00,58.8,59.48,58.22,58.95,17543756,39.26670634920638,54.78369722845134,57.043660445098794,55.54057142857143,56.43526278618072,58.52245680733311,-37.946428571428534,33.38443509609271,2.96598090856971
2021-03-10 00:00:00,57.21,58.9,56.27,57.68,28324287,39.136904761904795,54.61364405410241,54.629568105679766,55.31466666666667,56.043585458483825,58.328764894198194,-47.39583333333332,33.94940385704718,3.2771597458775186
2021-03-09 00:00:00,56,56.15,54.72,55.25,17430698,39.02297619047622,54.488486668555566,49.59685573790821,55.21890476190476,55.785016785772,58.16811873056115,-65.47619047619047,34.58453838242499,3.336074751860336
2021-03-08 00:00:00,55.5,56.45,52.89,53.2,20191191,38.915515873015906,54.45740449176191,44.80030819326135,55.37380952380953,55.83373906684316,58.07616296529931,-75.26881720430104,35.480970778269814,3.3658836506926377
2021-03-05 00:00:00,54.28,55.83,50.81,55.54,31795704,38.830119047619085,54.508727124078725,49.826110790639646,55.74957142857142,56.169395613623195,58.042824372247274,-59.035726673603875,36.41326046994843,3.275068663402342
2021-03-04 00:00:00,55.75,57.16,51.61,53.07,27662270,38.73753968253972,54.466634353632955,43.62759999058619,55.91347619047619,56.21606429257814,57.93691812486299,-64.97041420118343,37.43635471266128,3.257095178222461
2021-03-03 00:00:00,55.93,57.8,54.65,56.11,28727240,38.6639682539683,54.52363983745471,50.80001447167522,56.33190476190477,56.60686612766186,57.902005504692255,-46.98224852071005,38.41497107184681,3.112945992143134
2021-03-02 00:00:00,55.54,55.62,54.1894,54.65,15464706,38.57242063492068,54.4588904430651,46.90748467168075,56.46247619047619,56.61729787439765,57.773382536631374,-55.62130177514793,39.09059559059731,3.1062644768274326
2021-03-01 00:00:00,53.67,54.76,53.3,54.4,18732067,38.48591269841275,54.451090052986125,46.23108921864963,56.72309523809524,56.82818457726984,57.68483888384689,-57.10059171597632,39.9661483687593,3.217703023897638
2021-02-26 00:00:00,52.07,52.75,50.61,51.75,16551616,38.40444444444449,54.45317536127127,38.5218940755155,56.99099999999999,57.09328491395364,57.60069893760371,-72.78106508875739,40.94739864265375,3.458593789388977
2021-02-25 00:00:00,54.58,54.6,50.86,51.45,27320257,38.32785714285719,54.56350904948642,37.58112191754642,57.5104761904762,57.74891902084702,57.59341152779401,-74.55621301775145,42.13828968908834,3.472191634976388
2021-02-24 00:00:00,54.95,55.15,53.66,53.91,24990650,38.26039682539688,54.690591051506274,42.53750878978057,58.04261904761905,58.51095076952852,57.59366536585639,-60.00000000000001,43.34986398701127,3.8089380081592306
2021-02-23 00:00:00,53.5,56.37,51.89,56,24260208,38.18888888888893,54.722451910751424,47.477292034415036,58.331,59.00882081400513,57.51838898649589,-47.63313609467454,44.29749475177884,3.913883748912326
2021-02-22 00:00:00,57.76,58.1,54.8157,55.31,25929146,38.11869047619053,54.670307090782096,45.53844290452274,58.412190476190474,59.26520348878037,57.377212470914,-51.71597633136093,45.28303074713712,3.951933545746943
2021-02-19 00:00:00,58.36,60.4572,58.113,58.39,28426269,38.06079365079369,54.64419717612014,53.764896745902966,58.55433333333333,59.63781102326775,57.25262784307354,-33.49112426035501,45.961753467422604,3.9773771194092227
2021-02-18 00:00:00,60,60.29,58.23,59,15383647,37.9914682539683,54.49130726494137,55.612467542215256,58.3907619047619,59.61817320703626,57.03130225463521,-29.881656804733716,46.231058688635464,3.9658389717687736
2021-02-17 00:00:00,60.33,60.95,58.95,60.81,12898712,37.92023809523814,54.30727899004102,61.428639322562546,58.156619047619046,59.505753903556325,56.78576441478808,-19.171597633136066,46.52125931947102,3.9299023842838645
2021-02-16 00:00:00,61.02,61.31,59.84,60.52,15770979,37.83837301587305,54.04186180596106,60.81899665820588,57.72861904761905,59.12523313511585,56.479354157258044,-20.887573964497008,46.7255287633023,3.805941933345805
2021-02-12 00:00:00,60.12,60.93,59.315,60.63,14899455,37.75559523809527,53.77744800212273,61.15947078554719,57.30442857142857,58.73843005424575,56.17417359168204,-20.236686390532512,46.81749026816219,3.683842287612215
2021-02-11 00:00:00,63.25,64.05,60.395,60.71,42041195,37.67408730158733,53.497752002209374,61.39156600453546,56.85204761904762,58.289736260032726,55.85820038016385,-19.76331360946744,46.93273937633485,3.5398036668719355
2021-02-10 00:00:00,62,63.5,60.8,63.18,37428949,37.5968650793651,53.203374532911795,68.88632698875884,56.38580952380953,57.777115949356336,55.53213534615511,-1.9571865443425092,46.91037686882309,3.461068440525266
2021-02-09 00:00:00,58.91,61.06,58.62,59.61,23762012,37.509920634920654,52.7961653301735,62.789545504484266,55.6622380952381,56.86461109518577,55.12372937760769,-10.424155283968386,46.912836442132374,3.095813099978744
2021-02-08 00:00:00,59.7,60.11,58.69,59.29,18841699,37.43214285714288,52.518049629364256,62.17259117173909,55.2547619047619,56.34435472272603,54.81345273177141,-6.327160493827162,47.03255708189606,2.9596068573376426
2021-02-05 00:00:00,58.16,58.7075,57.37,58.58,15935709,37.35809523809525,52.241643491787286,60.83472423892691,54.84914285714286,55.80953451722696,54.50530833360003,-11.2577639751553,47.20432074264489,2.8453328452045814
2021-02-04 00:00:00,56.45,57.85,56.11,57.85,14110381,37.27281746031747,51.98293506288064,59.46603372804808,54.499476190476194,55.31288724546296,54.21111176529788,-16.92546583850931,47.453558215451004,2.740717561150729
2021-02-03 00:00:00,57.87,58.13,56.74,57.12,13809755,37.18932539682541,51.74346302463088,58.10657750908673,54.1937619047619,54.86160356276729,53.93176026380202,-22.59316770186338,47.75634144842226,2.7021657980220235
2021-02-02 00:00:00,55.11,58.03,54.89,56.46,30705946,37.11555555555556,51.5240125358403,56.89281942700989,53.94276190476191,54.46083063372853,53.6675652243268,-27.71739130434782,47.997319278823575,2.6438314526459514
2021-02-01 00:00:00,52.12,52.9,51.35,52.76,15814126,37.040674603174594,51.32254365975215,49.23668866945423,53.72928571428573,54.106554644024406,53.41673282213819,-56.444099378881994,48.2526450014432,2.698748367299182
2021-01-29 00:00:00,50.63,51.4899,49.635,50.93,18930782,36.97531746031746,51.263871972395094,44.72823355614056,53.85980952380953,54.22326636259544,53.27120106786603,-70.65217391304347,48.77668352310581,2.772557438539371
2021-01-28 00:00:00,50.12,52.52,49.88,51.58,28540421,36.91876984126984,51.27749939983979,46.07796921023749,54.17519047619047,54.602085501830146,53.1767149352169,-65.6055900621118,49.3998545133416,2.6852677240826472
2021-01-27 00:00:00,49.97,50.86,47.15,48.11,33695668,36.86087301587301,51.265152436567945,36.593008005908125,54.431952380952374,54.927836810744814,53.05952985346251,-92.54658385093167,50.02099250990117,2.655114686788501
2021-01-26 00:00:00,54.62,55.52,51.53,51.92,25876139,36.816825396825394,51.39393416867275,44.58979688260233,55.037571428571425,55.76276625262831,53.04341051053989,-72.15302491103202,50.75714928741036,2.3188982297634366
2021-01-25 00:00:00,54.5,54.52,49.65,54.29,41072764,36.75484126984126,51.372462093924696,51.03139535262509,55.284904761904755,56.15491384910812,52.9108922692604,-51.067615658362996,51.02430459023189,2.275161752491457
2021-01-22 00:00:00,55.25,55.47,54.01,54.31,19704774,36.6854365079365,51.253378914084884,51.08922951838483,55.303761904761906,56.25597708908513,52.703047125875436,-50.88967971530247,51.34962518685476,2.281557801152537
2021-01-21 00:00:00,56.57,57,55.3136,55.79,13548089,36.61833333333332,51.128618869761816,55.40375747981373,55.318190476190466,56.35935148297521,52.48921764900726,-37.72241992882564,51.129675003231874,2.2865438438831647
2021-01-20 00:00:00,57,57.98,55.47,56.38,17090284,36.54392857142856,50.938358415466375,57.19165325727139,55.17266666666668,56.263590943850915,52.22527094822457,-32.47330960854091,50.719657771495235,2.335469117757715
2021-01-19 00:00:00,56.39,56.8424,55,56.3,17252001,36.46940476190475,50.71625059568949,57.01700956752599,54.9435238095238,56.070534770398055,51.937041759701785,-33.185053380782946,50.27165233814413,2.410473812344785
2021-01-15 00:00:00,57.49,57.9,55,55.52,24003915,36.3853968253968,50.48834245673803,55.36852212717205,54.69499999999999,55.86243831169439,51.64425436755502,-40.12455516014232,49.842206264245924,2.453286520160252
2021-01-14 00:00:00,60,60.03,56.7,56.91,26815298,36.3026984126984,50.28296867946203,59.12052176647207,54.49680952380953,55.73431649235908,51.36793574662967,-27.75800711743776,49.39558234739179,2.5100137449822855
2021-01-13 00:00:00,58.54,59.88,57.53,59.4,24479682,36.21579365079364,50.01247760515435,66.63116487496166,54.13809523809525,55.39516984033688,51.04300324159469,-4.32822362488732,48.710697545533336,2.430615714176142
2021-01-12 00:00:00,55.5,59.39,55,58.54,52469415,36.118333333333325,49.6293134257729,65.21387276556334,53.504428571428576,54.671387899843786,50.63532627587267,-8.018867924528314,47.88966299488483,1.9836337237504307
2021-01-11 00:00:00,53.11,55,52.99,54.59,23480557,36.02150793650793,49.2656119329473,57.518446654669916,52.9245238095238,53.98544260089821,50.24426242900566,-22.25201072386054,47.047299036821,1.4730678870982155
2021-01-08 00:00:00,54.395,54.79,52.58,53.28,38497275,35.93984126984126,49.04828997102678,54.4127464045192,52.71966666666666,53.76811180102866,49.96333288045463,-38.471502590673566,46.28011360391699,1.4564782868275108
2021-01-07 00:00:00,53.37,56.25,53.2,56.13,23901424,35.86321428571427,48.87556711270135,63.84141914488181,52.64199999999999,53.70436941591718,49.71517380967267,-1.5544041450776873,45.487709503559955,1.4753219140241904
